xd_s83 7004397 1 0
xd_s51 5988649 1 0
yy_s11 13111990 1 0
xunlei_s23 8101841 1 0
91wan_s15 10775723 1 0
youxi567_s3 11605521 1 0
xd_s178 9976079 1 0
xd_s230 11593604 1 0
pptv_s1 9953415 1 0
51wan_s20 12630866 1 0
xd_s139 8831274 0 1
yy_s2 11999615 1 0
xd_s244 11904313 1 0
xunlei_s22 8263688 1 0
265g_s23 12303319 1 0
yy_s9 12958346 1 0
xd_s153 9155117 1 0
xunlei_s23 8101840 1 0
xd_s238 11755337 1 0
xd_s179 9990309 1 0
xd_s126 8258679 1 0
xd_s98 7260555 1 0
gtv_s1 12240027 1 0
37wan_s46 11528199 1 0
xd_s221 11190698 1 0
yy_s6 12673897 1 0
xd_s235 11751766 1 0
yy_s8 12680149 1 0
xd_s184 10127005 1 0
xd_s177 9941681 1 0
yy_s2 11951587 1 0
91wan_s45 12639628 1 0
qidian_s5 9775411 1 0
xd_s271 13149060 1 0
xd_s117 7579233 1 0
xunlei_s166 12293124 1 0
kugou_s1 11357763 1 0
gtv_s1 12240751 1 0
xunlei_s10 7882041 1 0
xd_s212 11105905 1 0
xd_s166 9686041 1 0
7676_s6 12094540 1 0
yy_s5 12604470 0 1
xd_s258 12358449 1 0
xunlei_s10 7834970 1 0
37wan_s16 9913438 1 0
yy_s11 13108590 1 0
xd_s134 8630535 1 0
xd_s134 8578700 1 0
xd_s197 10565481 1 0
37wan_s62 12299882 1 0
xd_s264 12903847 1 0
xd_s146 9025019 1 0
xd_s160 9376232 1 0
xd_s162 9349400 1 0
xunlei_s36 8403173 1 0
37wan_s33 11027425 1 0
yy_s1 11774913 1 0
pptv_s1 9972769 1 0
xd_s110 7406472 1 0
xd_s237 11883500 1 0
xd_s148 9041728 1 0
91wan_s3 10022752 1 0
xd_s155 9193716 1 0
7676_s11 12920174 1 0
xunlei_s7 7735861 1 0
37wan_s30 10562114 2 0
yy_s6 12598608 1 0
xd_s211 11102007 1 0
xd_s234 11617330 1 0
xd_s156 9272459 1 0
xunlei_s56 8788512 1 0
xd_s130 8409346 1 0
niu99_s2 11091578 1 0
xd_s131 8296491 1 0
xd_s185 10185461 1 0
265g_s19 11962810 1 0
360_s29 10610090 1 0
game2_s1 9070614 1 0
xd_s177 9927483 1 0
youxi567_s10 12205055 1 0
pps_s4 12201573 1 0
pps_s4 12201574 1 0
xd_s52 6021063 1 0
xd_s84 7049020 1 0
xunlei_s86 9732389 1 0
360_s30 10843025 1 0
37wan_s66 13016614 1 0
xd_s222 11371368 1 0
xd_s176 9901088 1 0
jiayuan_s3 10869409 1 0
91wan_s12 10602663 1 0
37wan_s14 9643670 1 0
niu99_s2 11107612 1 0
xd_s188 10256641 1 0
1188_s20 12871143 1 0
xunlei_s86 9722443 1 0
xunlei_s1 7316635 1 0
xd_s229 11521881 1 0
xd_s211 10993034 1 0
ifeng_s1 12351578 1 0
xd_s104 7331424 1 0
37wan_s30 10982271 1 0
37wan_s46 11337512 1 0
yy_s1 11756443 1 0
xunlei_s7 7625741 1 0
xunlei_s13 7921382 1 0
xd_s137 8704631 1 0
xd_s269 12725788 1 0
yy_s6 12783659 1 0
xunlei_s84 9620227 1 0
xd_s251 12389300 1 0
yy_s4 12331791 1 0
96pk_s1 10989062 1 0
xd_s207 11165659 1 0
pps_s3 12064972 1 0
xd_s115 7480402 1 0
xd_s156 9205880 1 0
xd_s207 10954305 1 0
xd_s81 6960463 1 0
xd_s161 9382740 1 0
yy_s10 13055838 1 0
xd_s219 11291450 1 0
91wan_s8 10331162 1 0
91wan_s12 10684755 1 0
xd_s139 8802490 1 0
xd_s115 7493098 1 0
xd_s152 9086299 1 0
xdwan_s9 9129110 1 0
yy_s1 11748808 1 0
xd_s53 6088054 1 0
yy_s2 11939251 1 0
37wan_s30 10561969 1 0
xdwan_s85 12471449 1 0
xd_s177 9931406 1 0
xd_s225 11460597 1 0
xdwan_s40 11100350 1 0
xd_s198 10599617 1 0
pptv_s1 9963834 1 0
xdwan_s68 12167335 1 0
xd_ipart_s1 8228962 1 0
xd_s206 10933754 1 0
xdwan_s60 11651067 1 0
wyx_s44 12295162 1 0
yy_s9 13031687 1 0
xd_s139 8802478 1 0
xd_s122 8059093 1 0
xdwan_s30 10601929 1 0
xdwan_s9 9731782 1 0
yy_s4 12277153 1 0
37wan_s67 13018047 1 0
kugou_s2 11869054 1 0
37wan_s25 10770350 1 0
swjoy_s2 13266412 1 0
xd_s212 11094504 1 0
qidian_s5 10175476 1 0
yy_s8 12679450 1 0
xdwan_s74 12301640 1 0
dahei_s11 12374008 1 0
xd_s198 10599553 1 0
xd_s230 11603761 1 0
xd_s146 9014884 1 0
yy_s6 12685562 1 0
pptv_s1 9824331 1 0
xunlei_s40 8475601 1 0
yy_s5 12632551 1 0
xd_s130 8395729 1 0
game2_s7 10679632 1 0
1188_s23 12998651 1 0
91wan_s21 11015145 1 0
yy_s8 12680147 1 0
xd_s124 10744998 1 0
xd_s97 7228626 1 0
xd_s217 11217934 1 0
xd_s84 6895415 1 0
xd_s187 10238445 1 0
37wan_s20 10383046 1 0
xd_s129 8294976 1 0
xd_s117 7726587 1 0
xd_s228 11540270 1 0
37wan_s22 10307582 1 0
gtv_s1 11831544 1 0
pps_s3 12063436 1 0
game2_s19 11627968 1 0
xd_s177 9937267 1 0
xunlei_s1 7520941 1 0
91wan_s37 11902337 1 0
xd_s94 7195570 1 0
xd_s104 7330469 1 0
xdwan_s72 12332581 1 0
xd_s248 12180402 1 0
xd_s224 11348091 1 0
xd_s233 11694019 1 0
xd_s81 6959062 1 0
91wan_s18 10570738 1 0
xunlei_s16 7945006 1 0
xd_s254 12509307 2 0
xd_s75 6819797 1 0
yy_s6 12775248 1 0
265g_s19 11964624 1 0
xd_s190 10279734 1 0
xunlei_s90 9589946 1 0
xd_s124 8233936 1 0
yy_s2 11946051 1 0
xd_s271 13144197 1 0
xd_s187 10235530 1 0
xd_s136 8676741 1 0
xd_s145 8991294 1 0
265g_s7 11066324 1 0
xd_s239 11884527 1 0
1188_s22 12997106 1 0
37wan_s45 11336009 1 0
xd_s262 12836750 1 0
xd_s149 9113063 1 0
37wan_s25 10560216 1 0
