xunlei_s98 10127494 2000 4 04
xunlei_s98 10127784 2000 4 04
xunlei_s98 10127786 2000 4 04
xunlei_s98 10107411 2000 4 05
xunlei_s98 10107324 2000 4 05
xunlei_s98 10033036 2000 4 05
xunlei_s90 9921516 2000 4 04
xunlei_s90 9921515 2000 4 04
xunlei_s90 9921514 2000 4 04
xunlei_s90 9921513 2000 4 04
xunlei_s90 9921511 2000 4 04
xunlei_s90 9921129 2000 4 04
xunlei_s90 9921525 2000 4 05
xunlei_s1 7517650 2000 4 04
xunlei_s1 7515675 2000 4 04
xunlei_s1 7575117 2000 4 04
xunlei_s1 7515628 2000 4 04
xunlei_s1 8378945 2000 4 04
xunlei_s1 8378960 2000 4 04
xunlei_s1 8378961 2000 4 04
xunlei_s1 8378537 2000 4 04
xunlei_s1 8378962 2000 4 04
xunlei_s1 7525132 2000 4 04
xunlei_s1 7481861 2000 4 04
xunlei_s1 7501870 2000 4 04
xunlei_s1 7575219 2000 4 04
xunlei_s1 7575053 2000 4 04
xunlei_s1 7511537 2000 4 04
xunlei_s1 7497897 2000 4 04
xunlei_s1 7506368 2000 4 04
xunlei_s1 7500517 2000 4 04
xunlei_s1 7515916 2000 4 04
xunlei_s1 7502061 2000 2 04
xunlei_s1 7530612 2000 4 04
xunlei_s1 7499308 2000 4 04
xunlei_s1 7500273 2000 4 04
xunlei_s1 7574704 2000 4 04
xunlei_s1 7779542 2000 4 04
xunlei_s1 7779723 2000 4 04
xunlei_s1 7531472 2000 4 04
xunlei_s1 7779588 2000 4 04
xunlei_s1 7482008 2000 4 04
xunlei_s1 8378594 2000 4 04
xunlei_s1 7485973 2000 4 05
xunlei_s1 7520941 2000 4 05
xunlei_s1 7525235 2000 4 05
xunlei_s1 7317473 2000 4 05
xunlei_s1 7779969 2000 4 05
xunlei_s1 7525239 2000 4 05
xunlei_s1 7525238 2000 4 05
xunlei_s1 7779988 2000 4 05
xunlei_s1 7525230 2000 4 05
xunlei_s1 7525210 2000 4 05
xunlei_s1 7485530 2000 4 05
xunlei_s1 8378568 2000 4 05
xunlei_s1 7484628 2000 4 05
xunlei_s1 7520373 2000 2 05
xunlei_s1 7503112 2000 4 05
xunlei_s1 7525247 2000 4 05
xunlei_s1 7515305 2000 4 05
xunlei_s1 7575136 2000 4 05
xunlei_s1 7575350 2000 4 05
xunlei_s1 7316635 2000 2 05
xunlei_s1 7780040 2000 4 05
xunlei_s1 8378813 2000 4 05
xunlei_s1 7780059 2000 4 05
xunlei_s1 8378802 2000 4 06
xunlei_s1 7515278 2000 2 06
xunlei_s1 7485973 2000 2 06
xunlei_s1 7494810 2000 4 06
xunlei_s1 8378928 2000 4 06
xunlei_s1 7494188 2000 4 06
xunlei_s1 8378801 2000 4 06
xd_s54 6170015 2000 4 03
xd_s54 6142418 2000 4 05
xd_s54 6201021 2000 4 05
xd_s54 6192639 2000 4 05
xd_s54 6165139 2000 4 05
xd_s54 7023098 2000 4 05
xd_s54 6208368 2000 4 05
xd_s51 6678585 2000 4 03
xd_s51 5983146 2000 4 03
xd_s51 5987942 2000 4 04
xd_s51 5986936 2000 4 04
xd_s51 5987400 2000 4 04
xd_s51 6152861 2000 4 04
xd_s51 5999094 2000 4 04
xd_s51 5999044 2000 4 04
xd_s51 5990595 2000 4 04
xd_s51 5986558 2000 4 04
xd_s51 5986739 2000 4 04
xd_s51 6048760 2000 4 04
xd_s51 5982270 2000 4 04
xd_s51 5982319 2000 4 04
xd_s51 5982319 2000 2 04
xd_s51 5982348 2000 4 04
xd_s51 6008553 2000 4 04
xd_s51 5982251 2000 2 04
xd_s51 8082861 2000 4 04
xd_s51 5982518 2000 4 04
xd_s51 5988326 2000 4 04
xd_s51 8082825 2000 4 04
xd_s51 5986373 2000 2 04
xd_s51 6679289 2000 4 04
xd_s51 5986401 2000 4 04
xd_s51 5982361 2000 4 04
xd_s51 5987354 2000 4 04
xd_s51 5982361 2000 2 04
xd_s51 8082856 2000 4 04
xd_s51 5991192 2000 4 04
xd_s51 5983054 2000 4 04
xd_s51 5982332 2000 4 04
xd_s51 5982655 2000 4 04
xd_s51 6048239 2000 4 04
xd_s51 5989333 2000 4 04
xd_s51 5986769 2000 4 04
xd_s51 5992439 2000 4 04
xd_s51 5999378 2000 4 04
xd_s51 5993860 2000 4 04
xd_s51 5993422 2000 4 05
xd_s51 5982315 2000 4 05
xd_s51 5982622 2000 2 05
xd_s51 6048655 2000 4 05
xd_s51 6679451 2000 4 05
xd_s51 6008667 2000 4 05
xd_s51 5982352 2000 4 05
xd_s51 5996841 2000 4 05
xd_s51 6679479 2000 4 05
xd_s51 8082704 2000 4 05
xd_s51 5982622 2000 4 05
xd_s51 5989333 2000 4 05
xd_s51 6678733 2000 4 05
xd_s51 6048740 2000 4 05
xd_s51 5986769 2000 4 05
xd_s178 9943986 2000 4 05
xd_s178 9962214 2000 4 05
xd_s178 9946786 2000 4 05
xd_s178 9971201 2000 4 05
xd_s178 9958713 2000 4 05
xd_s178 9971465 2000 4 05
xd_s178 9894585 2000 4 06
xd_s178 9976144 2000 4 06
xd_s178 9975990 2000 4 06
xd_s178 9893987 2000 4 06
xd_s178 9970684 2000 4 06
xd_s163 9426504 2000 4 05
xd_s163 9408211 2000 4 05
xd_s163 9408196 2000 4 05
xd_s163 9408194 2000 4 05
xd_s163 9426502 2000 2 06
xd_s163 9409513 2000 4 06
xd_s163 9407950 2000 4 06
xd_s163 9352791 2000 4 06
xd_s160 9377020 2000 4 06
xd_s159 9340529 2000 4 06
xd_s159 9342818 2000 4 06
xd_s159 9339933 2000 4 06
xd_s159 9340782 2000 4 06
xd_s132 8500178 2000 4 05
xd_s132 8472394 2000 4 05
xd_s132 8500209 2000 4 05
xd_s132 8493639 2000 2 06
xd_s132 8496786 2000 4 06
xd_s132 8298140 2000 4 06
xd_s132 8298407 2000 4 06
xd_s132 8458670 2000 4 06
xd_s132 8500200 2000 4 06
xd_s132 8499348 2000 4 06
xd_s132 8500199 2000 4 06
xd_s132 8298224 2000 2 06
xd_s132 8493813 2000 4 06
xd_s131 8456937 2000 4 06
xd_s131 8296453 2000 2 06
xd_s131 8450690 2000 4 06
xd_s131 8438735 2000 2 06
xd_s131 8437992 2000 4 06
xd_s130 8383380 2000 4 05
xd_s130 8296246 2000 4 05
xd_s130 8375511 2000 2 05
xd_s130 8405695 2000 4 05
xd_s130 8448278 2000 4 05
xd_s130 8373499 2000 4 05
xd_s130 8374283 2000 4 05
xd_s130 8401462 2000 4 05
xd_s130 8365158 2000 4 05
xd_s130 8399222 2000 4 05
xd_s130 8448241 2000 4 05
xd_s130 8398908 2000 4 05
xd_s130 8365308 2000 4 05
xd_s130 8365029 2000 4 05
xd_s130 8380097 2000 4 05
xd_s130 8448114 2000 4 05
xd_s130 8380111 2000 4 05
xd_s130 8409452 2000 4 05
xd_s130 8405011 2000 4 05
xd_s130 8384657 2000 4 05
xd_s130 8389113 2000 4 05
xd_s130 8401390 2000 4 05
xd_s130 8401736 2000 4 05
xd_s130 8448310 2000 4 05
xd_s130 8448262 2000 4 05
xd_s130 8448264 2000 4 05
xd_s130 8448265 2000 4 05
xd_s130 8365198 2000 4 05
xd_s130 8362698 2000 4 05
xd_s130 8405404 2000 4 05
xd_s130 8422349 2000 4 05
xd_s130 8413042 2000 4 05
xd_s130 8372224 2000 4 05
xd_s130 8448182 2000 4 05
xd_s130 8400958 2000 4 05
xd_s130 8395110 2000 4 05
xd_s130 8448041 2000 4 05
xd_s130 8368763 2000 4 06
xd_s130 8382916 2000 4 06
xd_s130 8295858 2000 4 06
xd_s130 8401498 2000 4 06
xd_s130 8400958 2000 2 06
xd_s130 8372763 2000 4 06
xd_s130 8360571 2000 4 06
xd_s109 7396270 2000 4 04
xd_s109 7396273 2000 4 04
xd_s109 7396254 2000 4 04
xd_s109 7396274 2000 4 04
xd_s109 7396275 2000 4 04
xd_s109 7396276 2000 4 04
xd_s109 7396277 2000 4 04
xd_s109 7396305 2000 4 04
xd_s109 7396306 2000 4 04
xd_s109 7401610 2000 4 04
xd_s109 7401611 2000 4 04
xd_s109 7401718 2000 4 04
xd_s109 7401719 2000 4 04
xd_s109 7401728 2000 4 04
xd_s109 7401731 2000 4 04
xd_s109 7396308 2000 4 05
xd_s109 7396311 2000 4 05
xd_s109 7401748 2000 4 05
xd_s109 7396316 2000 4 05
xd_s109 7401702 2000 4 05
xd_s109 7401701 2000 4 05
xd_s109 7401700 2000 4 05
xd_s109 7401713 2000 4 05
xd_s109 7389880 2000 4 05
xd_s109 7395976 2000 4 05
xd_s109 7388908 2000 2 05
xd_s109 7401744 2000 4 05
xd_s109 7401710 2000 4 05
xd_s109 7401688 2000 4 05
xd_s109 7401687 2000 4 05
xd_s109 7401734 2000 4 05
xd_s109 7401733 2000 4 05
xd_s109 7401732 2000 4 05
xd_s109 7401695 2000 4 05
xd_s109 7401726 2000 4 05
xd_s109 7401725 2000 4 05
xd_s109 7401724 2000 4 05
xd_s109 7401730 2000 4 05
xd_s109 7401729 2000 4 05
xd_s109 7401709 2000 4 06
xd_s109 7401735 2000 4 06
xd_s109 7395746 2000 4 06
xd_s109 7374636 2000 4 06
xd_s100 7445534 2000 4 05
xd_s100 9196712 2000 4 05
xd_s100 7280614 2000 4 05
xd_s100 9196792 2000 4 05
xd_s100 9196793 2000 4 05
xd_s100 7284124 2000 4 05
xd_s100 7277678 2000 4 05
xd_s100 7261718 2000 2 06
xd_s100 7446435 2000 4 06
xd_s100 7283677 2000 4 06
xd_s100 7261718 2000 4 06
xd_s100 9197555 2000 4 06
xd_s100 7261589 2000 4 06
37wan_s18 10094690 2000 4 05
37wan_s18 10148352 2000 2 05
37wan_s18 10125416 2000 4 05
37wan_s18 10132731 2000 4 05
37wan_s18 9876921 2000 4 06
37wan_s18 9877469 2000 4 06
37wan_s18 10119425 2000 4 06
37wan_s18 10078197 2000 4 06
37wan_s18 10186282 2000 4 06
37wan_s18 10090530 2000 4 06
37wan_s18 10078098 2000 4 06
37wan_s18 10112342 2000 4 06
37wan_s18 9876715 2000 4 06
37wan_s18 10119989 2000 4 06
37wan_s18 10148352 2000 4 06
37wan_s18 10073003 2000 4 06
37wan_s18 10132856 2000 4 06
37wan_s18 10120079 2000 4 06
37wan_s18 9876884 2000 4 06
37wan_s18 10186268 2000 4 06
37wan_s16 9899415 2000 2 04
37wan_s16 9914166 2000 4 04
37wan_s16 9866657 2000 4 04
37wan_s16 9929297 2000 4 04
37wan_s16 9864569 2000 4 04
37wan_s16 9910516 2000 4 04
37wan_s16 9864569 2000 2 04
37wan_s16 9928851 2000 4 04
37wan_s16 9739158 2000 4 04
37wan_s16 9887432 2000 4 04
37wan_s16 9739162 2000 4 04
37wan_s16 9738549 2000 4 04
37wan_s16 9928901 2000 4 04
37wan_s16 9897216 2000 4 04
37wan_s16 9866829 2000 4 04
37wan_s16 9738762 2000 2 04
37wan_s16 9929293 2000 4 05
37wan_s16 9887520 2000 4 05
37wan_s16 9738264 2000 4 05
37wan_s16 9899164 2000 4 05
37wan_s16 9869176 2000 4 05
37wan_s16 9738391 2000 4 05
37wan_s16 9895055 2000 4 05
37wan_s16 9738893 2000 4 05
37wan_s16 9739167 2000 4 05
37wan_s16 9929285 2000 4 05
37wan_s16 9868485 2000 4 05
37wan_s16 9929305 2000 4 05
37wan_s16 9929288 2000 4 06
37wan_s16 9738391 2000 2 06
37wan_s15 9628364 2000 4 06
