xd_s100 1072 初秋的雨 7277942 |42 0|24 5|23 5|40 5|43 17|48 11|46 0|45 11|63 0|60 0|62 0|65 0|69 0|64 0|67 0|66 0|75 0|73 0|74 0|85 0|84 0|80 0|82 0|83 0|91 0|87 0|88 0|86 0|111 149|106 149|110 149|89 0|103 0|3 333|100 0|101 0.0|109 143|102 0
xd_s103 1077 傅紫安 7310459 |42 0|40 0|46 0|63 0|43 0|60 0|62 0|69 0|64 0|75 0|74 0|73 0|84 0|80 0|83 0|91 0|89 0|87 0|86 0|102 0|104 0|106 128|111 134|110 128|3 227|109 128|103 0
xd_s104 1078 厚德载物 7332819 |13 0|42 0|21 0|26 0|40 0|43 0|44 0|60 0|46 0|61 0|64 0|65 0|69 0|75 0|74 0|103 126|73 0|85 0|83 0|102 71|5 192|86 0|84 0|89 112|91 0|104 71
xd_s109 1084 徐芷蕾 7374636 |40 0|42 0|46 0.0|48 0|75 0|60 0|62 0|65 0|69 0|64.0 0|67 0|74 0|86 0|80 79|4 126|85 0|81 0|73 0|91.0 72|90.0 70|89 72
xd_s110 1085 笨笨 7374935 |84 18|60 12|65 6|64 41|69 18|75 30|74 17|73 77|5 144|91 12|85 18|80 88|89 72|83 24
xd_s110 1085 枫↓迷 7400343 |40 11|42 0|25 5|63 0|48 0|41 10|46 0|60 0|62 0|65 5|64 0|74 0|75 0|73 0|80 0|85 0|84 0|89 77|90 0|104 71|102 71|103 71|3 189|91 0
xd_s112 1087 残星泪 7445499 |80 67|42 0|5 150|48 0|40 0|25 0|21 6|41 0|60 0|67 0|69 0|68 0|73 72|74 0|82 66|84 66|75 0|64 0|85 0
xd_s112 1087 风间★苍月 7431914 |42 0|40 0|48 0|41 0|46 0|60 0|62 0|64 0|69 0|61 0|65 0|67 0|75 0|74 0|73 72|84 0|85 0|80 72|5 120|91 71|83 0|89 71
xd_s112 1087 黑桃皇灵 7469292 |60 0|65 0|40 0|42 0|71 68|48 0|64 68|61 0|69 0|6 202|73 103|75 80
xd_s114 1089 林忆山 7464488 |87 66|42 6|48 6|69 4|91 12|75 5|74 5|73 11|80 5|86 40|89 83|3 131|64 5|83 0
xd_s115 1090 战斗机 7478049 |42 0|40 0|88 90.0|48 0|46 0|41 0|60 0|62 0|69 0|65 0|75 0|74 0|90 92|64 0|73 0|84 0|85 0|80 0|86 98|83 80|5 194
xd_s116 1091 心愿 7516906 |40 0|42 0|48 5|46 0|60 0|62 5|61 11|65 0|64 0|69 0|67 0|66 0|75 0|71 0|73 0|6 191|90 101|83 0|80 131|84 0|74 0|91 95|82 0|89 131|81 0
xd_s117 1098 达娃卓玛 7579007 |80 66|40 0|63 0|46 0|60 0|68 0|69 0|67 0|64 0|75 0|74 0|84 66|85 42|6 186|73 66
xd_s118 1099 杨桃 7679337 |82 0|42 6|40 6|63 6|46 0|60 0|62 8|88 68|69 0|83 67|73 68|74 6|75 0|64 0|80 67|4 188|81 0
xd_s119 1113 soze 7805855 |69 0|65 0|60 0|74 40|61 0|40 0|41 0|48 5|73 72|46 0|62 11|6 95|67 0|64 66|68 0|75 59
xd_s119 1113 妙妙 7720124 |40 6|42 6|63 0|48 6|46 0|60 0|62 0|64 0|69 0|65 6|67 0|80 72|74 0|83 66|73 78|75 0|85 66|4 147|70 0
xd_s119 1113 神VS棍 7775067 |73 78|84 0|60 0|69 0|67 5|75 0|83 78|6 139|80 78|85 79|64 0|70 0
xd_s120 1114 秦安阳 7820159 |60 0|42 0|40 0|48 0|46 0|62 0|85 30|74 0|73 64|80 68|5 128|65 0|69 0|64 0|84 35|75 0
xd_s121 1115 卢朋 7964318 |3 190|42 0|40 14|46 0|48 12|60 0|61 0|64 0|69 0|68 0|67 0|75 77|74 0|73 71|81 71|80 68
xd_s121 1115 司徒雪卉 7996680 |83 137|42 11|40 5|46 0|48 5|60 0|62 0|65 0|69 0|64 0|67 0|75 0|74 0|80 137|84 101|73 0|4 215|82 107
xd_s123 1136 伸缩缝 8133882 |42 0|48 0|40 0|46 0|41 0|75 65|4 112|65 0|60 0|64 77|62 0|67 0|74 71|73 77|69 0
xd_s124 1137 莉莉刺刺 8191881 |40 0|42 0|46 0|48 0|63 0|60 0|62 0|64 107.0|69 0|73 113|75 107.0|74 107.0|3 209.0
xd_s124 1137 邱秋寒 8167737 |42 0|40 0|48 0|46 0|41 0|47 0|60 0|63 0|68 0|62 0|69 0|75 96|73 126|3 197|64 96|74 85
xd_s124 1137 英霸 8201268 |60 0|42 17|40 5|48 14|46 15|41 17|74 24|62 0|68 0|3 116|69 0|64 66|75 27|73 66
xd_s125 1161 麻子 8207972 |40 0|48 5|64 66|68 0|67 0|74 66|75 66|69 30|3 192|73 126|60 0
xd_s125 1161 小孩游神 8210564 |80 126|42 0|85 67|73 126|70 0|40 6|48 6|46 0|47 6|60 0|63 0|69 0|68 30|84 67|5 204|75 0|74 0|64 0
xd_s126 1162 杯子 8216127 |42 0|46 6|73 66|64 66|3 136|65 0|69 0.0|60 0|75.0 66|74 66
xd_s126 1162 梁靖易 8251732 |42 0|75 66|48 0|46 0|40 0|41 0|5 128|62 0|69 0|67 0|60 45|64 66|73 66
xd_s126 1162 天堂殒落 8255091 |60 66|42 0|40 0|48 6|46 0|47 1|64 66|69 48|5 127|67 66
xd_s126 1162 雅阳 8245518 |64 66|42 0|41 0|48 5|60 66|46 0|62 0|69 58|65 0|5 126|40 0|67 36
xd_s126 1162 张snake 8216400 |42 11|40 11|64 66|5 137|46 6|75 66|73.0 66.0|60 0.0
xd_s127 1163 misaya 8265683 |21 0|64 41|48 0|40 0|46 17|60 23|3 129|42 0|66 17
xd_s128 1164 邓无剑 8322383 |65 11|64.0 30|40 6|60 48|66 14|61 13|46 0.0|42 6|48 8|5 84
xd_s128 1164 皮蛋瘦肉孙 8308918 |64 66|12 0|42 0|40 0|4 150|46 0|73 72|63 0|75 66|60 66|61 0|65 0|67 0|69 0
xd_s129 1165 Super、Man 8325324 |40 0|42 0|48 6|46 0|41 0|62 0|65 0|64 66|5 132|67 0|73 90|75 79|60 0|69 0|74 66
xd_s129 1165 方谷云 8351031 |42 0|40 0|48 0|46 0|64 66|60 0|65 0|69 0|73 71|6 155|74 0|75 66|70 66
xd_s129 1165 落花灬无情 8343630 |42 0|48 0|40 0|46 0|62 0|64 66|3 126|69 0|60 24|73 66|65 0|75 66
xd_s129 1165 乔从阳 8325385 |42 0|65 0|48 0|40 0|46 0|41 0|74 84|63 0|61 0|64 78|75 78|3 203|60 0|73 126|69 0
xd_s129 1165 屠戮苍生 8350887 |40 6|42 0|48 0|46 0|63 6|60 0|75 66|65 0|74 66|64 66|3 186|73 68|69 0|67 6
xd_s129 1165 兔兔豆 8331298 |40 0|42 11|73 72|48 0|46 5|63 0|64 71|4 134|65 0|75 42|69 0|74 47|60 0
xd_s129 1165 夏向真 8358366 |12 4|42 0|40 0|48 0|46 0|47 0|61 0|69 0|65 0|3 126|67 0|73 26|64 66|60 0|75 42|74 18
xd_s130 1166 吉忆安 8362165 |40 0|42 0|63 0|48 6|46 0|64 66|67 0|69 0.0|60 66|65 0.0|73 72|74 30|75 66|5 134|62 0.0
xd_s130 1166 無所謂 8376543 |65 0|42 0|40 0|48 0|46 0|62 0|74 66|5 140|69 0|73 66|64 66|75 66|60 0
xd_s130 1166 牧木 8295554 |4 199|40 0|63 0|46 0|48 0|60 0|69 0|62 0|65 0|64 126|74 125|73 126|75 126
xd_s130 1166 穆醉波 8375773 |42 5|48 5|40 5|46 5|61 0|62 0|64 41|1 103|60 50|69 30|65 0|67 30
xd_s130 1166 随风 8295875 |42 0|40 0|75 24|46 5|48 5|73 69|60 0|69 0|61 5|64 66|65 0|67 0|74 18|3 131
xd_s130 1166 月夜 8375511 |73 126.0|42 0|40 0|41 0|48 0|60 0|62 0|65 0|69 0|81 126|64 0|74 0|75 0|4 246|67 0|82 126|80 127
xd_s131 1167 shieny 8297182 |42 11|40 0|69 11|73 83|48 5|46 5|63 0|60 0|62 0|64 71|65 5|74 0|75 11.0|4 204|70 29
xd_s131 1167 龙少啸天 8427381 |40 6|63 0|60 0|62 6|65 0|64 72|46 0|69 0.0|67 0.0|3 158|73 66.0|75 66.0|70 78
xd_s132 1168 安思柔 8458414 |40 6|21 6|46 0|63 6|60 0|62 0|69 0|65 0|73 89|85 71|4 216|74 0|84 77|64 0|75 0|80 126
xd_s132 1168 乔世立 8493301 |40 0|42 5|63 0|46 12|48 6|75 72|61 18|69 0|64 67|5 186|74 66|60 0|65 0|73 114
xd_s133 1188 Sunday 8517687 |46 0|42 0|40 0|48 0|60 72|62 11|64 72|3 179|69 0.0|75 72|67 0|73 68
xd_s133 1188 暗月 8524912 |67 30|40 0|42 0|48 0|46 5|62 0|69 30|60 67|5 128|64 66|61 11
xd_s133 1188 海★风 8506954 |48 0|60 66|46 0|69 0|66 11|64 66|5 129|62 6|75 66|73 66
xd_s133 1188 吕海云 8541376 |64 71|40 0|74 23|48 0|41 0|73 71|67 0|75 71|3 189|46 11.0|65 0.0|62 0|69 0|42 0|60 71
xd_s133 1188 天使星蛋糕 8502729 |40 0|42 0|48 0|62 0|73 73|4 153|60 27|46 0|69 0|64 78|63 0|65 0|75 66
xd_s133 1188 椛の焱姬 8531131 |40 0|42 0|48 0|67 66|46 0|69 0|6 126|64 66|60 66|61 0|62 0|75 66
xd_s134 1189 笨笨 8601928 |46 0|6 132|11 0|42 0|21 0|25 0|48 0|40 0|60 71|62 0|69 71|64 70|65 66
xd_s135 1190 关小羽 8610609 |42 6|40 0|48 6|47 6|63 0|62 0|65 0|73 127|64 127|46 0|5 250|60 6|67 127|75 127|69 0|11 6|74 0
xd_s135 1190 倩丶销魂 8639320 |11 0|12 0|42 0|73 53|48 0|46 0|60 47|62 0|61 0|64 71.0|6 90|40 0|75 50|69 0|67 0
xd_s135 1190 魏无极 8630511 |46 0|42 0|40 0|48 6|75 66|60 66.0|69 0|65 0|64 126|73 126|67 0.0|3 194
xd_s135 1190 興亞一心 8637416 |42 0|40 0|75 68|73 67|5 94|69 0|64 67|46 0|60 31|67 0
xd_s135 1190 夜闯百合村 8637355 |42 5|67 0|62 5|73 66|3 143|64 68|48 5|60 66|40 5|75 66|69 0|46 6
xd_s135 1190 丶指尖 8527524 |3 90|42 9|48 5|40 0|46 6|60 19|62 0|64 66|65 14|69 36
xd_s137 1192 繁华俗世 8704977 |48 0|42 0|40 0|46 0|41 5|60 67|62 0|61 0|64 67|65 0|3 128|67 0|73 67|69 0|75 68
xd_s137 1192 夜斗雪音 8698031 |6 138|61 0|69 66|46 0|48 0|60 66|62 0|42 0|64 90|40 0|65 66
xd_s138 1194 Ace、诗 8774083 |11 1|12 1|42 0|48 12|46 0|67 24|41 0|4 90|40 0|62 0.0|61 0|65 0|69.0 20.0|60 66|64 66
xd_s138 1194 赫连达 8759357 |60 78|42 0|64 67|21 5|48 5|41 0|67 18|46 0|62 0|61 0|5 99|40 0|69 25|65 15
xd_s138 1194 姜仔牙 8784577 |73 126|64 66|74 0|75 66|46 0|60 0|69 0|67 0|3 186|70 66
xd_s138 1194 柳幻天 8748503 |73 109|64 66|42 6|40 0|48 0|46 6|60 66|62 6|3 186|75 66|69 0|67 0
xd_s138 1194 邱若枫 8785309 |42 0|62 0|60 46|21 3|41 0|5 108|61 0|69 24|46 24|40 0|64 24
xd_s139 1198 邓艳血 8797531 |11 6|12 11|42 0|60 66|64 51|47 0|46 0|48 5|69 26|65 31|4 67|40 0|62 0|41 12|61 0
xd_s139 1198 绯色依瑶 8836808 |4 192|40 0|63 6|46 11|48 0|60 98|64 126|62 0|69 72|65 72
xd_s139 1198 黑袍雷斯林 8750638 |46 0|62 0|64 158|65 0|67 0|75 126|73 126|3 305|60 0|69 0|70 126
xd_s139 1198 荆棘 8838711 |40 6|46 6|48 0|62 0|74 66|3 133|64 66|68 0|60 0|73 66|75 66|69 0
xd_s139 1198 沈万三 8834433 |67 0|46 0|69 0|3 154|60 76.0|64 126|65 0|48 6|75 66|73 66|62 0
xd_s139 1198 佐为 8750296 |48 0|46 0|60 24|62 0|69 0|65 0|5 126|64 110|74 0|75 34|73 72
xd_s141 1200 芭芘 8888596 |74 66|73 66|41 0|40 0|48 0|46 0|60 0|64 66|69 0|3 161|68 0|62 0|67 0|75 66
xd_s141 1200 李聪展 8872781 |42 0|40 0|46 11|62 0|69 59|65 29|64 71|60 71|5 131
xd_s142 1201 陌先森¨ 8753869 |64 66|73 66|3 174|60 0
xd_s143 1202 纯情丶 8924105 |42 0|21 0|25 4|40 0|48 0|46 0|41 0|60 35|61 0|62 0|69 29|68 23|64 35|3 125
xd_s143 1202 独孤少男 8918038 |11 6|12 6|42 12|21 6|48 0|25 5|23 5|40 1|41 0|47 6|69 14|60 30|3 98|62 0|65 25|46 0|64 31|61 0|63 0
xd_s143 1202 堪雨旋 8921243 |75 66|12 0|42 0|21 0|73 66|40 0|48 0|46 0|60 66|62 0|64 66|4 128|61 0.0|69.0 0|67 0|65 0
xd_s143 1202 木有木有 8905412 |40 0|73 72|63 0|48 0|46 0|60 66|61 0|64 66|75 66|68 0|6 193|69 0|67 0
xd_s143 1202 炎帝ˇ 8904464 |73 73|42 6|61 0|64 66|62 0|65 0|5 229|60 66|75 66|67 0|69 0
xd_s143 1202 眞灬逍遥 8923797 |68 37|64 71|40 5|42 0|48 0|46 0|41 11|60 71|62 0|61 0|69 71|3 144|63 0
xd_s143 1202 々醉生梦死♂ 8921964 |42 6|48 0|21 0|40 0|46 0|65 0|60 66|41 0|61 0|62 0|69 66|64 66|3 130|67 66
xd_s144 1203 风 8935402 |69 19|64 25|65 6|63 17|60 67|42 5|3 107|46 13|40 5
xd_s144 1203 袁岩 8756260 |21 1|65 0|69 0|60 66|64 66|3 139|73 71|75 66
xd_s144 1203 仲素 8756230 |12 5|40 0|42 6|21 5|48 0|60 66|62 0|73 66|46 0|5 182|64 66|68 0|75 66|69 0
xd_s145 1222 韩可冥 8968009 |40 0|21 6|41 0|48 0|46 0|60 66|62 0|42 0|64 67|69 45|65 60|5 131|61 0
xd_s145 1222 好男人丶 8953137 |42 0|40 0|60 0|46 0|48 0|62 0|64 78|3 263|65 0|69 0.0|67 0.0|73.0 126|74.0 72.0|75 72
xd_s146 1223 大洋你真菜 8979202 |40 0|42 0|46 0|60 0|3 253|64 79|69 0|63 0|73 126|65 0|67 0|74 66|75 99
xd_s146 1223 黄瓜姐姐 9008220 |42 6|40 0|4 126|65 0|61 0|46 0|62 0|69 60|60 66|64 66|67 18
xd_s146 1223 帅的被人砍 8978864 |11 0|42 0|40 0|61 0|48 0|69 37|60 67|62 0|41 0|46 33|64 66|3 114
xd_s146 1223 王尐淡 9001062 |40 0|42 0|73 126|60 0|48 0|46 0|63 0|64 111|65 0|6 252|75 84|69 0.0|74 126
xd_s146 1223 一斩 9009463 |42 5|48 0|72 66|60 0|61 0|69 72|64 66|3 147|46 0|40 0|67 66|62 0|65 0
xd_s147 1224 ，曾小贤 9034909 |65 0|48 6|42 0|62 0.0|60 66|61 0.0|64 66|3 103|69 60|46 0|67 33
xd_s147 1224 哥傲世一切 9023639 |40 0|42 0|69 0|62 0|21 0|60 0|46 0|48 0|73 131|63 0|68 0|64 126|75 113|3 252|70 119|67 0
xd_s147 1224 邪天 9023623 |60 66|62 0|61 0|74 12|67 22|64 66|3 100|46 0|65 0|69 0
xd_s148 1225 涵涵丶eS 9046024 |61 35|42 0|40 18|48 12|46 0|60 47|62 36|4 89
xd_s148 1225 何立轩 9049173 |42 0|75 198|21 2|40 0|48 0|46 0|63 0|41 0|62 0|61 0|64 206|60 0|3 305|69 0|67 204|73 243
xd_s148 1225 剑指天涯 9044625 |11 12|12 0|60 77|42 0|21 0|48 6|62 0|64 71.0|41 0|40 13|3 103|61 0|46 0|69 47|65 30|67.0 0
xd_s149 1227 123 9073690 |42 0|40 0|48 0|46 11|41 0|65.0 0|62 0.0|61 0.0|69.0 77|6 145|64 71|74 0|73 72|60 71
xd_s149 1227 孙依白 9050166 |40 0|64 128|42 0|63 0|60 78|73 92|61 0|5 215|62 0|75 77|67 0|69 0|65 0
xd_s150 1228 Jun 9097516 |65 0|42 0|40 0|63 0|46 0|60 126|64 126|5 246|62 0|61 0|67 0|48 0|75 104|69 0|73 126
xd_s150 1228 二狗子 9097967 |42 0|40 0|46 0|73 126|60 66|64 102|65 0|3 219.0|48 6|62 0|75 66|69 0|67 0
xd_s150 1228 天地大少 9090102 |42 0|41 0|60 71|64 66|65 29|67 0|48 0|40 0|3 126|69.0 66|62 0.0|61 0|46 0
xd_s151 1238 韩平松 9121465 |48 11|61 0|60 71|3 80|40 0|64 31|65 11|69 8|62 0|46 11
xd_s152 1239 Summer〃刘 9122831 |11 5|12 5|48 6|23 5|25 5|40 0.0|60 75|62 0|46 71|65 0|41 6|42 6|64 77|69 71|4 77
xd_s152 1239 创界山 9126221 |42 0|21 0|69 66|48 0|46 0|40 0|61 0|62 0|64 84|65 66|3 132|60 79
xd_s152 1239 好男人 9086425 |42 5|40 0|75 68|63 0|60 89|73 58|3 138|64 96|46 0|69 0
xd_s152 1239 开心小猪 9086316 |40 0|11 0|42 0|23 5|73 90|48 0|60 84|61 0|64 102|5 157|69 0|46 0|75 66
xd_s152 1239 饕餮 9136361 |40 0|63 0|21 0|46 0|61 0|64 109|5 187|65 0|69 0|60 127|62 0|73 92|75 88
xd_s152 1239 小北· 9136921 |40 0|63 0|61 0|62 0|4 140|46 0|60 72|65 66|69 66|64 84
xd_s153 1240 毒来毒往° 9087032 |63 0|73 71|46 0|65 0|60 70|69 0|62 0|4 132|64 80|75 70
xd_s153 1240 郭君浩 9164846 |64 91|12 3|42 0|40 0|48 0|69 0|46 0|41 0|62 0|75 66|5 126|60 132|65 72|61 0
xd_s153 1240 日光倾城、 9087693 |42 0|40 0|48 0|60 67|62 0|69 66|64 67|65 66|3 127|61 0|46 0
xd_s153 1240 小露 9160077 |75 126|40 0|48 0|63 0|46 0|62 0|64 126|4 230|67 0|69 0|60 126|65 0|73 132.0
xd_s153 1240 丶红尘 9155878 |64 66|62 0|5 72|60 66|65 14|61 0|69 46|46 0
xd_s154 1241 木乃伊 9167770 |62 0|42 12|60 79|65 72|61 0|69 72|46 0|64 73|5 157
xd_s154 1241 手拿大刀 9089835 |42 0|40 0|73 126|46 0|48 0|70 126|60 167|62 0|3 305|64 0|65 0|75.0 126.0|69 0.0|63 0
xd_s154 1241 唐雅青 9089870 |48 6|42 0|40 0|69 0|64 77|61 0|46 0|73 77|65 0|60 77|6 167|62 0|75 66|67 0
xd_s154 1241 鸵鸟爱乌龟 9167009 |12 1|42 0|40 0|48 0|41 0|62 0|60 67|61 0|69 68|65 0|5 163|64 67|67 68|46 0
xd_s155 1242 杭无血 9204126 |3 126|68 0|46 18|40 6|69 54|64 66|60 66
xd_s155 1242 万罡 9200752 |42 6|40 7|48 6|46 19|41 19|60 66|61 12|62 18|3 126
xd_s155 1242 王醉波 9088332 |42 0|40 12|69 66|47 6|60 67|67 66|62 10|64 66.0|3 141|46 8
xd_s155 1242 月下追逐 9188989 |61 51|62 6|3 85|42 0|46 6|40 6|60 66|48 0
xd_s156 1244 2014看心情 9206413 |64 66|67 0|73 66|60 66|46 0.0|6 141|40 0|69 66|48 0
xd_s156 1244 刘伟 9241046 |64 71|11 5|12 0|42 0|21 0|41 0|5 133|62 0|46 0|61 0.0|60 68|40 0|48 67|69 0|65.0 0|67 68
xd_s156 1244 斯诺苏苏 9233271 |42 0|48 0|46 24|41 0|62 0|69 14|65 6|4 110|60 66|40 0|61 0|64 66
xd_s157 1245 曾尛贤 9266896 |3 83|42 6|40 11|46 11|60 58|62 17
xd_s157 1245 你的味道 9264374 |41 0|46 66|61 0|60 84.0|5 186|40 0|42 0|69 71|64 107
xd_s157 1245 杀甲些啊 9255539 |40 0|42 7|21 2|63 0|41 8|60 126|69 0|3 238|64 126.0|62 0|75 74|73 126|46 0
xd_s157 1245 司徒 9266386 |62 0|46 0|40 0|63 0|41 6|60 75|75 66|73 126|64 126|69 0|3 221|65 0
xd_s157 1245 佐佐い牧 9239043 |64 95|11 1|12 1|13 2|21 0|60 88|3 186|40 0|61 0|41 0|42 6|46 72|62 0|69.0 66.0|63 0
xd_s158 1251 ∪√∪ 9287274 |11 6|12 6|42 0|21 6|67 73|40 0|48 0|63 0|61 0|3 152|65 0|62 0|46 0|60 72|64 78|69 66
xd_s158 1251 沧海、 9270652 |40 0|42 0|46 0|63 0|48 0|73 71|62 0|61 0|64 71|75 71|5 185|67 77|69 0|60 0|65 0
xd_s158 1251 毁灭RUIN 9284032 |69 19|62 0|46 0|60 66|3 103|65 12|40 0|64 63
xd_s158 1251 彭寒珊 9271246 |42 0|40 0|65 39|41 0|63 0|46 0.0|62 0.0|4 135|64 66|60 66|69 38
xd_s158 1251 上官惊虹 9284550 |42 6|67 72|40 66|60 72.0|63 0|46 0|61 72|3.0 238
xd_s158 1251 依然~潇洒 9270829 |64 66.0|40 6|42 6|65 0|67 66|46 6|48 6|60 66|62 0|61 0|69 66|5 164
xd_s159 1252 MZJ 9340782 |3 97|40 0|69 66|46 36|63 0|61 0|60 66|62 0|64 66|65 0
xd_s159 1252 梦魇?麒麟 9323381 |3 126|65 28|63 0|42 2|46 0|61 0|60 66|40 0|66 18|64 18
xd_s160 1263 Evil丶降临 9371966 |3 129|12 2|42 0|40 0|48 3|63 0|21 5|46 30|60 73|62 72|68 33
xd_s160 1263 Miss丿灬暗 9346142 |42 0|21 0|48 0|60 74|63 0|67 66|62 0|69 67|3 146|46 0|64.0 108|40 0|65 0
xd_s160 1263 SLIENCE_D 9346056 |46 0|65 6|48 0|5 126|64 66|40 0|63 6|62 0.0|60 66|67 48|69 6.0
xd_s160 1263 浮夸丶 9368861 |62 0|65 12|69 6|64 66|60 66|3 126|63 0
xd_s160 1263 如影随形 9346077 |67 0|64 73|60 67|40 2|3 179|69 0|73 66|46 0
xd_s160 1263 旺旺大礼包 9366160 |42 19|60 67|3 126|69 22|48 6|40 18|64 67|46 0|66 18|65 0|62 24
xd_s162 1265 老蒲哥 9402410 |21 6|69 30|63 0|46 6|62 0|5 102|42 6|40 6|61 0|64 62|60 81|65 66
xd_s162 1265 夏初遇 9397015 |12 6|13 0|46 0|64 83|62 77|48 11|40 0|42 0|5 137|60 89|65 5|69 71|63 0
xd_s162 1265 °夏沫浅雨つ 9404614 |65 0|46 0|62 32|6 95|41 0|42 18|40 0|60 71|64 65|61 0|69 47
xd_s162 1265 闲庭信步 9349841 |42 0|62 0|75 126|60 138|3 234|64 132|63 0|66 0|46 0|65.0 0|73 126
xd_s51 1002 朱靖柏 5987973 |84 0|83 0|87 0|89 0|102 71|104 29|103 47|100 41|3 131
xd_s57 1008 飞天的神猪 6278331 |60 5|64 7|69 0|66 5|75 0|73 0|85 0|80 0|84 0|83 0|91 0|89 0|87 0|102 0|101 0|103 0|109 127|106 0|116 128|112 127|5 163|111 128
xd_s66 1025 惠思真 6633054 |42 0|86 0|101 78|89 78|87 0|40 0|43 0|44 0|60 0|48 0|46 0|61 0|62 0|64 0|69 0|68 0|67 0|66 0|72 0|73 0|74 0|85 0|83 0|80 0|91 0|103 78|84 0|4 126|102 78
xd_s67 1026 战狼 6687476 |42 0|40 0|41 12|43 0|60 0|61 0|62 0|69 0|68 0|64 0|67 0|75 0|74 0|83 68|3 166|91.0 70|89.0 68|73 0.0|85 0.0|84 0.0|87.0 68.0
xd_s74 1037 马斩 6817437 |42 0|24 5|21 5|26 5|40 0|41 0|43 0|45 0|60 0|46 0|47 0|62 0|61 17|64 0|69 0|65 0|67 0|73 0|74 0|75 0|70 0|85 0|84 0|83 71|82 0|81 0|80 0|90 0|89 71|87 41|5 131|88 66
xd_s74 1037 宗衫 6811549 |13 5|42 0|21 5|41 0|40 0|45 0|44 0|60 0|48 0|46 0|61 0|62 0|69 0|64 0|66 0|75 0|74 0|73 0|84 0|83 0|85 0|80 0|89 0|87 0|91 0|86 0|102 0|101 0|100 0|103 0|109 101|3 257|110 0|112 101|116 123|114 101|111 0
xd_s76 1039 朱天思 6814277 |11 5|40 5|42 0|26 0|60 0|46 2|69 0|64 0|66 0|73 0|75 0|74 0|85 0|84 0|80 0|83 0|91 0|87 0|89 0|101 0|102 0|109 107|116 78|110 77|111 0|112 103|5 186|103 0
xd_s76 1039 紫霞仙子 6814285 |42 0|109 186|60 0|46 0|62 0|64 0|69 0|65 0|75 0|74 0|73 0|80 0|84 0|85 0|87 0|89 0|103 0|102 0|101 0|111 0|110 186|116 186|4 269|112 186
xd_s79 1042 暢想 6908709 |46 0|60 0|66 0|62 0|64 0|69 0|74 0|75 0|73 0|82 0|84 0|80 0|83 0|91 0|89 0|87 0|102 0|103 0|110 191|109 0|4 287|112 186|116 191|104 186|111 0
xd_s83 1046 慕容若翠 7009815 |42 6|40 0|48 0|44 0|46 0|60 0|61 0|62 0|69 0|65 0|64 0|68 0|66 0|67 0|75 0|74 0|73 0|84 0|83 0|85 0|80 0|91 0|89 0|90 0|88 0|86 0|103 84|101 78|100 78|6 198|102 78
xd_s83 1046 轩辕紫宸 7005135 |42 18|40 17|60 0|62 0|69 0|64 0|71 0|67 0|75 0|73 0|111 104|84 0|85 0|83 0|91 0|87 0|89 0|109 90|103 84|110 87|102 0|3 246|100 0|101 0
xd_s84 1047 幻城灬菩提 7011879 |87 0|40 0|86 0|48 0|46 0|60 0|45 0|62 0|69 0|64 0|74 0|75 0|73 0|84 0|82 0|80 0|89 0|83 0|91 0|102 71|103 71|100 71|5 158|104 71
xd_s89 1056 鼬 7099191 |3 159|40 0|42 0|46 0|43 0|63 0|60 0|61 0|64 0|68 0|69 0|74 0|73 0|75 0|84 0|85 0|83 0|110 80|80 0|91 0|87 0|89 0|86 0|103 79|101 0|111 80|102 0|100 0|109 79
xd_s90 1057 顾东蒽 7117766 |42 7|21 0|24 0|40 0|43 0|44 0|45 1|48 0|60 0|46 0|61 0|68 0|62 0|69 0|64 0|67 0|73 0|75 0|74 0|87 71|84 68|80 67|83 77|5 143|85 0
xd_s90 1057 笑天 7119155 |4 269|40 0|42 0|43 0|60 0|44 0|48 0|46 0|66 0|62 0|69 0|64 0|67 0|75 0|74 0|73 0|81 0|85 0|83 0|84 0|80 0|89 0|90 0|91 0|86 0|104 0|102 0|103 0|105 0|100 0|110 89|109 98|106 0|116 94|112 95|111 0
xd_s94 1061 东方醉易 7188483 |104 71|42 0|40 0|46 0|43 0|60 0|62 0|69 0|64 0|66 0|73 0|74 0|75 0|82 0|84 0|85 0|80 0|87 0|91 0|89 71|103 71|102 71|5 149|83 0
xd_s94 1061 上官随阴 7189482 |3 126|40 0|42 12|24 2|41 12|43 12|60 0|64 0|69 0|66 0|75 0|73 66|85 35|84 53|83 66
xd_s95 1062 蔡子轩 7197850 |46 0|48 0|60 0|43 0|66 0|62 0|69 0|64 0|67 0|75 0|73 0|74 0|80 0|84 0|85 0|91 0|89 0|87 0|109 113|86 0|102 0|104 0|5 203|111 77|110 71|103 95|40 0|42 0
xd_s95 1062 潘静枫 7210384 |73 0|103 84|60 0|64 0|69 0|65 0|70 0|75 0|71 0|85 0|83 0|80 0|91 0|89 78|105 78|4 131|104 78|90 0|84 0
xd_s97 1069 江夜阑 7227589 |40 0|42 0|45 6|46 0|60 0|43 0|62 0|61 6|69 18|64 0|87 66|84 0|66 0|75 0|74 0|73 0|82 0|80 0|83 66|91 66|89 66|3 126
xd_s98 1070 ︶狂流 7212131 |13 6|42 0|40 0|24 0|46 0|3 126|73 71|43 0|48 0|60 0|62 0|66 0|65 0|69 0|64 71|74 29|75 29
