xd_s100 1072 龙天 7261784 |40 0|42 0|21 0|43 0|48 2|60 0|46 0|62 0|65 0|69 0|64 0|66 0|67 0|73 11|75 0|74 0|84 0|80 0|82 0|85 0|91 0|89 0|87 0|88 0|86 0|101 0|103 83|102 71|3 173|83 0|100 71|105 71
xd_s101 1073 程依瑶 7291696 |42 0|89 66|45 0|41 0|40 0|46 0|48 0|60 0|62 0|64 0|69 0|75 0|73 0|74 0|83 0|85 0|80 0|4 140|84 0|86 71|91 66|87 66
xd_s103 1077 憨耄细仔 7319523 |5 189|13 0|42 0|40 0|48 0|46 0|60 0|43 0|62 0|64 0|69 0|66 0|73 0|75 0|74 0|85 0|84 0|80 0|89 0|91 0|100 83|86 0|83 0|103 89|102 77|104 77|87 0
xd_s115 1090 小纠结、 7493308 |12 5|42 11|60 17|4.0 106.0|40 11
xd_s117 1098 梁哲瀚 7475981 |42 0|40 0|73 0|48 0|46 0|60 0|62 0|64 0|69 0|86 98|67 0|75 0|81 0|82 0|80 127|84 0|91 0|90 92|89 129|3 255|83 0
xd_s118 1099 谢半芹 7674354 |73 0|40 0|48 0|46 0|41 0|60 0|69 0|62 0|64 0|74 0|75 0|83 71|81 43|85 45|80 71|5 186
xd_s118 1099 杨桃 7679337 |82 0|42 6|40 6|63 6|46 0|60 0|62 8|88 68|69 0|83 67|73 68|74 6|75 0|64 0|80 67|4 188|81 0
xd_s121 1115 苏微晴 7996700 |69 5|11 2|42 5|46 17|40 11|41 5|47 5|60 17|61 5|64 17|65 5|68 5|6 101
xd_s125 1161 麻子 8207972 |40 0|48 5|64 66|68 0|67 0|74 66|75 66|69 30|3 192|73 126|60 0
xd_s125 1161 小孩游神 8210564 |80 126|42 0|85 67|73 126|70 0|40 6|48 6|46 0|47 6|60 0|63 0|69 0|68 30|84 67|5 204|75 0|74 0|64 0
xd_s126 1162 宇文语蝶 8240962 |40 5|64 0|63 14|46 11|84 132|73 132|74 0|75 0|6 234|69 0|65 0|60 0|80 132|82 126
xd_s128 1164 好痒 8324780 |42 0|40 0|48 1|46 0|60 71|62 0|64 71|69 0|73 67|75 32|67 0|6 127|65 0
xd_s128 1164 卿纸贤 8308209 |42 0|64 41|48 11|41 5|47 10|3 86|69 35|40 0|46 11|62 0|60 71|67 29
xd_s128 1164 张效瑀 8298596 |46 0|40 11|48 11|75 68|69 11|42 0|60 67|67 11|3 127|64 67|65 0|73 67
xd_s129 1165 乔从阳 8325385 |42 0|65 0|48 0|40 0|46 0|41 0|74 84|63 0|61 0|64 78|75 78|3 203|60 0|73 126|69 0
xd_s129 1165 屠戮苍生 8350887 |40 6|42 0|48 0|46 0|63 6|60 0|75 66|65 0|74 66|64 66|3 186|73 68|69 0|67 6
xd_s131 1167 shieny 8297182 |42 11|40 0|69 11|73 83|48 5|46 5|63 0|60 0|62 0|64 71|65 5|74 0|75 11.0|4 204|70 29
xd_s131 1167 托日破天 8296453 |42 6|40 6|74 0|46 0|75 0|73 101|60 0|69 0|85 71|80 84|64 0|3 246|62 0|84 71
xd_s133 1188 东方木 8531226 |69 35|42 6|40 0|48 6|46 0|41 0|61 0|64 68|67 35|3 131|63 0|62 0|65 0|66 0|60 29
xd_s139 1198 钟泽伟 8795609 |42 5|73 66|48 0|40 0|60 66|68 0|64 75|3 186|62 0|61 0|65 0|46 0|69 66|67 0
xd_s141 1200 汤凌寒 8752108 |42 0|67 66|48 0|40 5|41 11|60 71|64 68|69 28|68 0|4 126|62 0|46 17|65 0|61 0
xd_s143 1202 堪雨旋 8921243 |75 66|12 0|42 0|21 0|73 66|40 0|48 0|46 0|60 66|62 0|64 66|4 128|61 0.0|69.0 0|67 0|65 0
xd_s143 1202 蛮三刀 8920124 |61 0|63 0|40 0|42 0|75 72|73 90|48 0|46 0|67 0|69 0|3 211|60 66|64 69|68 0
xd_s144 1203 段莆 8945427 |11 2|42 0|64 66|21 0|67 36|46 6|60 66|41 0|69 30|62 0|61 0|5 123|48 0|40 0|65 0
xd_s144 1203 顾书双 8943363 |69 66|40 0|42 0|64 66|46 0|60 66|62 0|67 66|65 0|5 137|61 0|66 0
xd_s144 1203 濮阳问安 8956692 |42 0|40 0|48 0|46 0|62 0|67 0|69 30|64 66|65 25|41 0|61 0|5 128|60 66
xd_s144 1203 仲素 8756230 |12 5|40 0|42 6|21 5|48 0|60 66|62 0|73 66|46 0|5 182|64 66|68 0|75 66|69 0
xd_s146 1223 张傲南 8999968 |42 0|40 0|73 85|48 0|41 0|60 71|75 71|64 77|3 211|46 0|69 0|62 0|67 0
xd_s148 1225 武半青 9040967 |42 0|40 0|48 0|46 0|63 0|41 0|61 0|62 0|6 198|60 0|69 0|67 102|73 134.0|75 134|64 132
xd_s149 1227 紫魔无极 9050287 |42 0|40 0|46 0|60 72|62 0|64 72|61 0|5 165|65 0|67 66|69 66
xd_s151 1238 法正 9121644 |11 12|42 14|21 0|12 2|46 26|40 0|60 37|61 28|5 72|48 0|62 13
xd_s151 1238 诸葛晟 9114789 |40 0|42 0|48 0|41 0|60 78|69 47|5 90|62 0|46 0.0|67.0 66|65 26
xd_s152 1239 开心小猪 9086316 |40 0|11 0|42 0|23 5|73 90|48 0|60 84|61 0|64 102|5 157|69 0|46 0|75 66
xd_s153 1240 郭君浩 9164846 |64 91|12 3|42 0|40 0|48 0|69 0|46 0|41 0|62 0|75 66|5 126|60 132|65 72|61 0
xd_s153 1240 小露 9160077 |75 126|40 0|48 0|63 0|46 0|62 0|64 126|4 230|67 0|69 0|60 126|65 0|73 132.0
xd_s155 1242 孫致霸 9201236 |11 6|12 12|21 12|41 0|60 66|3 108|46 66|61 0|40 0|48 0|42 0|69 66|64 66
xd_s155 1242 叶远山 9088600 |12 1|42 0|41 0|40 0|13 2|48 0|3 121|60 73|46 42|62 1|61 0|64 73|65 0|69 36
xd_s156 1244 干的就是你 9245050 |60 66|3 114|64 66|62 6|69 52|48 0|46 0|42 0|61 0|40 0
xd_s157 1245 杀甲些啊 9255539 |40 0|42 7|21 2|63 0|41 8|60 126|69 0|3 238|64 126.0|62 0|75 74|73 126|46 0
xd_s157 1245 佐佐い牧 9239043 |64 95|11 1|12 1|13 2|21 0|60 88|3 186|40 0|61 0|41 0|42 6|46 72|62 0|69.0 66.0|63 0
xd_s158 1251 ミ﹏Ｍemory 9270849 |64 41|60 24|63 36|46 5|61 11|4 127|62 5|69 5
xd_s159 1252 X500上北大 9325881 |11 5|12 5|62 0|64 41|13 3|65 29|61 0|3 89|41 0|40 0|46 0.0|60 66|69 35|42 0
xd_s160 1263 姜紫安 9346964 |60 66|5 126|64 66|40 0|69 12
xd_s162 1265 老蒲哥 9402410 |21 6|69 30|63 0|46 6|62 0|5 102|42 6|40 6|61 0|64 62|60 81|65 66
xd_s163 1266 夏浩宇 9426663 |40 0|61 52|63 66|60 66|41 0|46 66|5 77
xd_s164 1268 樊幼旋 9410724 |46 0|61 0|23 1|64 66|60 66|41 18|42 18|62.0 66|3 107|63 0|69 66|40 0
xd_s165 1271 无心人 9481385 |42 0|64 78|62 0|65 1|60 66|66 66|3 146|40 0|48 0|46 66|63 0|61 0
xd_s166 1273 活在童话里 9485311 |62 0|66 66|61 0|65 66|3 161|42 0|60 83|40 0|46 0|67 71
xd_s166 1273 周若云 9530942 |64 66|60.0 71|11 0|12 0|42 0|40 0|21 5|62 0|65 36|6 78|69 66|46 0.0
xd_s167 1278 青山丶 9569380 |12 6|40 0|3 167|67 67|46 0|60 67|42 0|63 0|62 0|61 0|64 67|69 47
xd_s172 1283 李藏鸟 9575626 |69 66|40 0|62 0|3 73|60 69|61 0|46 57|65 66
xd_s172 1283 傻瓜屏 9752662 |60 67|40 0|6 156|48 0|61 0|63 0|69 68|65 68|64 127|46 0
xd_s173 1284 BaoBao洁 9577265 |40 0|48 0|60 66|6 131|69 66|65 66|62 0|63 0|64 66|46 0
xd_s173 1284 灯笼丶易灭 9779381 |41 0|48 0|42 6|46 0|40 0|61 0|63 0|60 79|69 66|4 155|64 75|65 72
xd_s173 1284 闫丶清风 9762571 |21 0|60 95|42 0|48 11|61 0|40 0|64 101|65 95|63 0|46 0|69 89|5 186
xd_s175 1302 艾尔瑞克 9828355 |3 104|60 66|62 0|69 66|46 0|63 0|64 66|68 66
xd_s175 1302 疾风之双刃 9855729 |3 73|60 28|62 41|46 23|41 17|42 0|48 11|40 5
xd_s175 1302 夜 9828446 |48 0|65 66|69 33|60 88|46 10|42 0|64 84|63 0|62 0|4 157
xd_s176 1303 夏天佑 9830040 |65 126|3 252|60 132|21 0|62 126|46 0|63 0|40 0|42 0|64 217
xd_s179 1324 凡夫俗子 9893810 |12 1|65 47|63 0|60 66|69 68|62 0|46 0|42 7|61 2|5 126.0|64 59|40 0
xd_s179 1324 司空匕 9893524 |63 0|60 67|62 0|13 1|41 0|40 0|46 0|42 0|64 75|69 73|5 126|65 68
xd_s180 1330 天下。 10001265 |40 6|3 126|60 66|42 3|65 48|69 40|61 0|62 0
xd_s180 1330 天医 10005854 |63 66|42 0|62 66|41 30|46 6|69 66|60 66|2 150|40 0
xd_s181 1331 左小手 10028255 |62 0|68 25|63 0|3 162|64 66|60 126|61 0|69 72|40 0
xd_s182 1345 烂醉如泥 10052024 |63 18|61 18|3 109|60 66|46 20|40 0|62 0
xd_s183 1350 左 10115317 |42 0|61 24|40 30|46 0|47 0|3 106|62 31|60 70
xd_s184 1354 傅半鬼 10137699 |62 66|40 6|5 201|46 66|42 0|41 0|21 18|60 78|61 66|63 0
xd_s184 1354 慕容夜柳 10162111 |61 72|40 66|3 163|42 0|63 0|60 87|46 66|41 0|21 0
xd_s185 1355 情何以堪丶 10190796 |63 0|62 36|61 66|60 66|5 126|40 0|42 12|46 66
xd_s185 1355 夜雨芭蕉 10182296 |48 1|4 74|46 8|62 30|42 2|63 0|60 66|40 14
xd_s185 1355 尤难破 10104275 |40 66|60 66|46 66|3 87
xd_s186 1356 大脚板 10105253 |3 60|60 14|40 12|41 7|42 6|61 6
xd_s186 1356 黄小妞 10213192 |42 18|12 6|11 6|40 18|60 18|25 0|41 18|4 22|23 0
xd_s186 1356 无聊的板板 10204785 |60 66|61 66|48 0|63 69|40 66|3 126|41 0|46 0|42 6
xd_s67 1026 C.C_0105 6664687 |42 0|43 0|40 0|45 0|46 0|60 0|62 0|65 0|66 0|64 0|69 0|74 0|73 0|75 0|84 0|82 0|83 0|89 0|87 0|91 0|103 0|101 0|102 0|104 0|100 0|110 186|109 203|106 0|112 197|116 306|4 365
