 1587 1588_1654 80  12345兴哥 11242473  2501 5350  25008 752500
 1587 1588_1654 2  鬼仔 11242495  2501 150  25008 20000
 1806 360_s36 6  紫心竹 12268806   25008 30000
 1659 360_s34 1  于雁风 11746233  2501 75  25008 10000
 1297 1309_1310 1  谢乘云 9875396  2501 50  25008 7500
 1491 37wan_s34 3  枯叶 10838343  2501 225  25008 30000
 1850 37wan_s61 6  汪不惜 12299252  2501 175  25008 40000
 1441 1441 1  曹涵易 10910102   25008 5000
 1310 1310 1  袁采文 10077790  2501 75  25008 10000
 1438 37wan_s26 1  小小贝 10797137   25008 5000
 1850 37wan_s61 1  慕容渊思 12637814  2501 50  25008 7500
 1628 37wan_s51 3  守护丨嬷嬷 11722981  2501 150  25008 22500
 1799 37wan_s56 2  西门岱周 12163885  2501 75  25008 15000
 1528 37wan_s40 2  纳兰嫣然 11022644   25008 10000
 1360 1384_37wan 11  易忆雪 10385906   25008 55000
 1438 37wan_s26 1  史曼易 10797284  2501 50  25008 7500
 1489 37wan_s32 1  鬼舞 10982271  2501 75  25008 10000
 1599 37wan_s42 1  慕容雪 11419369   25008 5000
 1488 37wan_s31 1  谷粱笑卉 10961179   25008 5000
 1628 37wan_s51 1  蚂蚱蹦跶 11745180  2501 75  25008 10000
 1074 1074 1  丶乳来佛 7413209  2501 50  25008 7500
 1385 37wan_s22 1  左丘不斜 10537912   25008 5000
 1270 1270 1  烟雨月影 9560753   25008 5000
 1799 37wan_s56 1  萌奈° 12137873  2501 75  25008 10000
 1627 37wan_s50 1  浩宇无敌 11389935   25008 5000
 1385 37wan_s22 1  孙紫雪 10307747  2501 50  25008 7500
 1527 37wan_s39 1  袁思枫 11220477  2501 75  25008 10000
 1359 1441_37wan 1  薛行云 10233882   25008 5000
 1835 51wan_s9 5  梁婷冉 12457005   25008 25000
 1783 51wan_s6 1  孟梦柏 11911748  2501 50  25008 7500
 1817 7676_s6 1  锅盖 12509139  2501 75  25008 10000
 1647 1754_1755 1  姚宝川 11792827   25008 5000
 1904 7676_s7 1  康冰巧 12648220  2501 50  25008 7500
 1817 7676_s6 2  婲児 12550995  2501 50  25008 12500
 1755 1755 1  姚悲 11874152   25008 5000
 1816 7676_s5 3  凤舞九天 12371748  2501 150  25008 22500
 1463 1531_8090 1  亲丶疼么 10781817  2501 50  25008 7500
 1304 844a_s1 1  浪子 9839452  2501 50  25008 7500
 1465 1465 1  °　无碍 11052971  2501 75  25008 10000
 1353 1374_1406 2  吴若烟 10355850  2501 150  25008 20000
 1374 1374 518  杨迎天 10419770  2501 25900  25008 3885000
 1772 91wan_s38 1  毕浩轩 11903537  25025 5  3180 50
 1621 91wan_s33 1  乐儿 11367731   25008 5000
 1771 91wan_s37 1  苗罡 11902003   25008 5000
 1374 1374 1659  周凝云 10407996   9391 64 25025 795  3180 7150 2501 85400  25008 12290000
 1406 1406 897  泽西 10332557  25025 2160  3181 2725  3180 16150 2501 31450  25008 4307500
 1406 1406 124  陆紫青 10459000  2501 4650  25008 930000
 1447 1447 4  叶子 10775796  2501 100  25008 25000
 1770 91wan_s36 1  火箭 11901339   25008 5000
 1353 1374_1406 194  丿战丶帝堇 10299737  25025 400  3180 4000 2501 6725  25008 977500
 1620 1620 1  Mis、钱 11725717  2501 50  25008 7500
 1408 1408 2  陈~ 10534343  2501 150  25008 20000
 1523 1524_1561 5  冯惜寒 11238675  2501 250  25008 37500
 1374 1374 1026  罗千儿 10405323  25025 2235  3181 7750  3180 6850 2501 35675  25008 5087500
 1521 1521 8  史凝安 11146941  2501 425  25008 67500
 1869 91wan_s41 6  郑朝迪 12318123  2501 450  25008 60000
 1374 1374 3249  李成仁 10405113   9391 100  25008 16837500  3181 3150  3180 42900 25025 5045 2501 95000
 1352 1352 1  儿童 10085537  2501 75  25008 10000
 1541 1541 1  詹如松 11071851  2501 50  25008 7500
 1637 1715_1784 1  沈无施 11403112  2501 75  25008 10000
 1617 dahei_s5 1  赵萧 11369699   25008 5000
 1373 1373 2  诸葛梦蕊 10707837  2501 150  25008 20000
 1368 1368 7  曾小贤3 10224426  2501 525  25008 70000
 1685 game2_s17 1  杨书蝶 11564706  2501 50  25008 7500
 1837 game2_s22 1  徐闭月 12410789   25008 5000
 1760 game2_s21 1  杨晓槐 12259510  2501 75  25008 10000
 1499 jiayuan_s3 1  阿芹 11056668  2501 75  25008 10000
 1499 jiayuan_s3 1  虞半雪 11056660  2501 50  25008 7500
 1814 kuaiwan_s1 7  任灭男 12453754  25025 35  9391 28
 1814 kuaiwan_s1 2  龙斓 12424265  2501 125  25008 17500
 1814 kuaiwan_s1 1  慕容凡旋 12442310   25008 5000
 1814 kuaiwan_s1 3  给力喵星人 12078377  2501 100  25008 20000
 1746 kugou_s2 1  许聪展 11877809  2501 75  25008 10000
 1746 kugou_s2 1  程皓轩 11875557  2501 50  25008 7500
 1746 kugou_s2 1  尉迟剑南 11865757  2501 75  25008 10000
 1614 kugou_s1 4  太子妃√ 11537016   25008 20000
 1687 maxthon_s1 1  许新瑶 11827604   25008 5000
 1740 pps_s2 1  郝秋 11816934  2501 50  25008 7500
 1892 pps_s5 24  唐弘文 12454116  2501 1000  25008 182500
 1740 pps_s2 1  司空凌瑶 11816776  2501 50  25008 7500
 1740 pps_s2 1  百里青荷 11870003   25008 5000
 1740 pps_s2 2  段从雪 11870175  2501 50  25008 12500
 1740 pps_s2 3  卢谷雪 11870174  2501 50  25008 17500
 1308 1308 6  活ソ着极品 10014354   25008 30000
 1267 1308_1343 1  秦万天 9770814  2501 75  25008 10000
 1267 1308_1343 9  林谷冲 9763755  2501 450  25008 67500
 1343 1343 11  光棍哥 10091743  2501 675  25008 97500
 1308 1308 4  沈振家 9977073   25008 20000
 1272 readnovel_s1 1  吴翎 9825463   25008 5000
 1695 sougou_s1 1  郭醉山 11855301  2501 50  25008 7500
 1855 sougou_s3 1  武幻天 12548471  25025 5  9391 4
 1871 uc108_s2 1  武澜 12345312   25008 5000
 1051 wyx_s12 1  彭平松 6911807  2501 75  25008 10000
 1247 wyx_s30 1  欧阳难破 9259015   25008 5000
 1013 1015_wyx 1  慕容诗雨 6388785  2501 75  25008 10000
 1391 wyx_s36 1  林觅海 10313720  2501 75  25008 10000
 1192 xd_s137 7587  剑舞飞扬 8726503  22103 492 2554 61500  9391 104  25008 37610000  3181 16925  3180 52100 25025 8725  2503 4920 2501 205850
 1043 1043 1  轩辕高丽 6929544  2501 50  25008 7500
 1383 xd_s193 1  贾二娘 10303434  2501 50  25008 7500
 1192 xd_s137 153  魍魉魑魅 8683981  2501 11325  25008 1520000
 1822 xd_s250 1  轩辕 12349668   25008 5000
 1468 xd_s205 6083  吃货瘦不了 10800044  22103 112 2554 14000  9391 16  25008 40840000  3181 4775  3180 51050 25025 6080  2503 1120 2501 289525
 1821 xd_s249 2  轩辕依柔 12181788  2501 100  25008 15000
 1023 1024_xd 54  巴特尔 6516782  2501 3700  25008 505000
 1166 xd_s130 1  上官南蕾 8372224  2501 75  25008 10000
 1821 xd_s249 2  关小雅 12181922   25008 10000
 1775 xd_s242 1  段碧灵 12083628   25008 5000
 1203 xd_s144 2  lovein 8956214  2501 150  25008 20000
 1002 xd_s51 1  海云 6008433  2501 50  25008 7500
 1509 xd_s213 2  超人胡 11120550  2501 75  25008 15000
 1366 xd_s187 1  TOTO 10227397  2501 75  25008 10000
 1738 xd_s237 1  旺财丶 11828302   25008 5000
 1428 xd_s196 2  占白鹤 10517891   25008 10000
 1071 xd_s99 3  板野友美 7276787  2501 125  25008 22500
 1137 xd_s124 1  念奴娇 8233962  2501 50  25008 7500
 1192 xd_s137 1  捐钱机器 8699773  2501 50  25008 7500
 1190 xd_s135 1  关小羽 8610609  2501 50  25008 7500
 1192 xd_s137 79  小妞 8663225  2501 2850  25008 537500
 1468 xd_s205 1  白天睡觉 10920744   25008 5000
 1222 xd_s145 1  一菲姐、 8987338   25008 5000
 1534 xd_s214 1  道友留步 11147853   25008 5000
 1268 xd_s164 5  killsos 9410707  2501 125  25008 32500
 1166 xd_s130 1  于雨柏 8361608  2501 75  25008 10000
 1192 xd_s137 355  采蘑菇 8718418   25008 1775000
 1034 1034 1  逍遥自在 6747741  2501 50  25008 7500
 1002 xd_s51 2  唐珩 6008643   25008 10000
 1430 xd_s198 1  唐亦寒 10599553  2501 75  25008 10000
 1242 xd_s155 1  慕醉柳 9088579  2501 50  25008 7500
 1042 1042 1  暢想 6908709  2501 75  25008 10000
 1271 xd_s165 3  霸气侧漏 9486702  2501 150  25008 22500
 1192 xd_s137 1  徐旭尧 8719311   25008 5000
 1468 xd_s205 4790  苏紫菡 10887290  22103 60 2554 7500  25008 27055000  3181 4175  3180 24250 25025 3260  2503 600 2501 109925
 1043 1043 1  赘殿遮那 6932934  2501 75  25008 10000
 1322 xd_s177 1  G曾小贤M 9941808   25008 5000
 1355 xd_s185 2  上官雁开 10185461  2501 50  25008 12500
 1165 xd_s129 2  关小谷 8359226  2501 100  25008 15000
 1086 xd_s111 3  潇洒哥 7376771  2501 225  25008 30000
 1192 xd_s137 1016  汪海之 8723283  2501 65625  25008 9345000
 1061 1062_1068 2  龍行兲芐 7181502   25008 10000
 1468 xd_s205 82  上官 10920730  2501 3900  25008 625000
 1322 xd_s177 7  青烟绕指柔 9941120  2501 525  25008 70000
 1192 xd_s137 1  一个逗B 8681391   25008 5000
 1819 xd_s247 1  郭青寒 12230406  2501 75  25008 10000
 1378 xd_s190 1  曾婴 10356860  2501 50  25008 7500
 1089 xd_s114 1  东北刀郎 7468376  2501 50  25008 7500
 1825 xd_s253 1  凡人弑神 12500523  2501 75  25008 10000
 1021 xd_s62 1  幽澜 6503030  2501 50  25008 7500
 1192 xd_s137 26  羊半仙 8720310  2501 775  25008 177500
 1737 xd_s236 12  范范之辈！ 11812880  2501 350  25008 77500
 1192 xd_s137 2  上官笑阳 8720318   25008 10000
 1086 xd_s111 3  周乔普 7422692   25008 15000
 1774 xd_s241 27  韩之瑶 12050838  2501 1875  25008 260000
 1115 xd_s121 1  谢雪一 7723079   25008 5000
 1165 xd_s129 1  汉晓浩 8359901   25008 5000
 1382 xd_s192 1  24K纯帅# 10429245  2501 75  25008 10000
 1377 xd_s189 1  韩淇 10284396  2501 50  25008 7500
 1284 xd_s173 5  灯笼丶易灭 9779381  2501 250  25008 37500
 1264 xd_s161 1  姜靖 9382740  2501 50  25008 7500
 1467 xd_s204 5  刀无影 10859424   25008 25000
 1508 xd_s212 12  想入非非 11096787   25008 60000
 1263 xd_s160 1  彩色旗子 9376555  2501 50  25008 7500
 1165 xd_s129 1  兔兔豆 8331298  2501 75  25008 10000
 1821 xd_s249 1  裴鹏涛 12278056  2501 50  25008 7500
 1828 xd_s256 1  砍砍砍 12570935  2501 50  25008 7500
 1192 xd_s137 46  繁华俗世 8704977  2501 2325  25008 385000
 1166 xd_s130 1  陈诺 8448295   25008 5000
 1192 xd_s137 2793  天尊皇胤 8663537   9391 92  25008 10202500  3181 1600  3180 53350 25025 5770 2501 35775
 1468 xd_s205 10  金戈宝贝 10897378   25008 50000
 1280 xd_s169 1  逍遥自在、 9659082  2501 50  25008 7500
 1649 xd_s228 4  慕容凡 11558676  2501 100  25008 25000
 1382 xd_s192 1  沈行云 10403805   25008 5000
 1087 xd_s112 14  妞，爷爱你。 7442263   25008 70000
 1164 xd_s128 2  爱琦怡 8288224  2501 50  25008 12500
 1468 xd_s205 4726  溪溪 10889386  22103 48 2554 6000  9391 20  25008 33257500  3181 12575  3180 41200 25025 6660  2503 480 2501 248325
 1239 xd_s152 1  柳书文 9148344   25008 5000
 1382 xd_s192 1  雁易 10424626  2501 50  25008 7500
 1192 xd_s137 26  刘迎松 8718916  2501 550  25008 157500
 1242 xd_s155 1  董凝蝶 9220732  2501 50  25008 7500
 1166 xd_s130 4  阿冰 8401263  25025 5  3180 50 2501 125  25008 22500
 1224 xd_s147 1  邓广缘 9035393  2501 50  25008 7500
 1331 xd_s181 1  石追命 10026383   25008 5000
 1058 1058 1  宗书白 7141860   25008 5000
 1468 xd_s205 1  孙天问 10799379   25008 5000
 1007 1007 7  蜜雪薇琪 6243358   25008 35000
 1166 xd_s130 1  Ynv丶髹 8296246  2501 75  25008 10000
 1468 xd_s205 3694  孔怀蕊 10899389  22103 106 2554 13250  25008 23440000  3181 6675  3180 14950 25025 2830  2503 1060 2501 158850
 1774 xd_s241 1  约兯 12038188   25008 5000
 1819 xd_s247 1  陌.上 12241131  2501 50  25008 7500
 1609 xd_s224 1  颜初蝶 11420913   25008 5000
 1430 xd_s198 1  球蛋儿 10641450   25008 5000
 1162 xd_s126 2  世界那么假 8255033   25008 10000
 1547 xd_s217 23  若水三千 11183571  2501 1150  25008 172500
 1191 xd_s136 1  OLDBOY 8675086  2501 50  25008 7500
 1192 xd_s137 1491  左晨 8680904   9391 96  25008 8075000  3181 9775  3180 8700 25025 2945 2501 55850
 1192 xd_s137 7  吕若云 8725610  2501 350  25008 52500
 1192 xd_s137 149  唐豪 8725611  2501 100  25008 750000
 1284 xd_s173 1  曹罡 9784700  2501 50  25008 7500
 1192 xd_s137 2  许雅绿 8718546  2501 50  25008 12500
 1424 xd_s194 1  张紫欣 10476724   25008 5000
 1194 xd_s138 1  苍井空 8708518  2501 50  25008 7500
 1164 xd_s128 1  爱我么@ 8322358  2501 50  25008 7500
 1428 xd_s196 3  神波多一花 10535724   25008 15000
 1461 xd_s203 1  韩菀 10850185   25008 5000
 1330 xd_s180 1  千山暮雪 10012677   25008 5000
 1099 xd_s118 1  长孙一曲 7477098   25008 5000
 1192 xd_s137 3  魔紫枫 8725573  2501 200  25008 27500
 1737 xd_s236 2  马不正 11806055  2501 50  25008 12500
 1826 xd_s254 1  何起眸 12509210  2501 50  25008 7500
 1137 xd_s124 1  开印 8201656  2501 50  25008 7500
 1192 xd_s137 90  风夜弑神 8663219  2501 4450  25008 672500
 1164 xd_s128 1  宣送终 8283324  2501 50  25008 7500
 1168 xd_s132 1  郑立轩 8458254   25008 5000
 1165 xd_s129 1  曹鹭洋 8358088  2501 50  25008 7500
 1264 xd_s161 1  姜清 9393122   25008 5000
 1468 xd_s205 25  黄晓红 10799363  2501 1300  25008 202500
 1045 xd_s82 2  曾含烟 6975460  2501 50  25008 12500
 1192 xd_s137 5569  苏信 8687975   9391 80  25008 37282500  3181 4300  3180 12550 25025 2215 2501 231275
 1377 xd_s189 6  迪妮莎 10261483  2501 450  25008 60000
 1137 xd_s124 2  七柠 10745162  2501 150  25008 20000
 1555 xd_s220 1  傅盼秋 11189627  2501 50  25008 7500
 1534 xd_s214 1  老衲 11063985  2501 75  25008 10000
 1469 xd_s206 3  义薄云天 10801115  2501 175  25008 25000
 1024 1024 1  xy 6606166  2501 50  25008 7500
 1245 xd_s157 14  方哲瀚 9255520  2501 500  25008 95000
 1611 xd_s226 1  汪凡阳 11500495  2501 75  25008 10000
 1194 xd_s138 1  东方飞荷 8782423   25008 5000
 1460 xd_s202 1  元晓夏 10756154  2501 75  25008 10000
 1819 xd_s247 1  凰帝 12234817   25008 5000
 1241 xd_s154 6  叶芝 9179764   25008 30000
 1137 xd_s124 2  哆啦B梦 8154997   25008 10000
 1460 xd_s202 4  钱靖雁 10766419  2501 275  25008 37500
 1857 xdwan_s75 1  林秋寒 12431794  2501 50  25008 7500
 1314 1315_1316 10  maple 10208396  2501 750  25008 100000
 1450 xdwan_s37 1  未完终了 10928222  2501 50  25008 7500
 1478 xdwan_s41 1  小二哥 11116527   25008 5000
 1317 1318_xdwan 1  .... 10297300  2501 50  25008 7500
 1858 xdwan_s76 1  董小蕊 12306468   25008 5000
 1857 xdwan_s75 1  许之柔 12432199   25008 5000
 1567 xdwan_s48 1  郭致远 11359838   25008 5000
 1703 xdwan_s63 1  沐言 12025781  2501 75  25008 10000
 1705 xdwan_s65 2  宣靖仇 11656725  2501 150  25008 20000
 1763 xdwan_s69 1  周晴信 12222656  2501 75  25008 10000
 1570 xdwan_s51 2  叶可仁 11204863  25025 5  3180 50 2501 75  25008 10000
 1318 1318 1  康忆雪 10377363  2501 75  25008 10000
 1570 xdwan_s51 1  冯紫雪 11510731   25008 5000
 1415 1415 1  文紫雪 10601929  2501 50  25008 7500
 1570 xdwan_s51 1  伍平卉 11510646   25008 5000
 1142 1142 1  马灭绝 8148828  2501 50  25008 7500
 1565 xdwan_s46 5  叶凌文 11201790  2501 375  25008 50000
 1761 xdwan_s67 1  西门翠风 11885847   25008 5000
 1763 xdwan_s69 1  夏千万 12218537   25008 5000
 1193 xunlei_s55 24  戴丹亦 8780283  2501 1025  25008 180000
 1150 xunlei_s34 1  于紫丝 8366097  2501 75  25008 10000
 1193 xunlei_s55 21  阳佟绿柳 8780344  2501 1300  25008 182500
 1342 xunlei_s106 1  大唐 10043351  2501 50  25008 7500
 1132 xunlei_s23 1  吕孤容 8101841   25008 5000
 1296 xunlei_s96 1  天行者 10142089  2501 50  25008 7500
 1193 xunlei_s55 31  曾小霜 8775589  25025 30  3180 300 2501 1050  25008 187500
 1193 xunlei_s55 37  万盼兰 8773602  2501 1675  25008 285000
 1097 1097 1  巫马白易 7554819   25008 5000
 1079 1097_1105 1  宝哥 7504304  2501 50  25008 7500
 1229 xunlei_s77 1  子默 9067531  2501 75  25008 10000
 1121 1122_1123 1  柳寄柔 7945371   25008 5000
 1129 1129 1  白妍 7899275   25008 5000
 1079 1097_1105 7  浮云 7522763  2501 525  25008 70000
 1129 1129 1  潘剑通 8053213  2501 75  25008 10000
 1193 xunlei_s55 14  丁千风 8774673  2501 450  25008 100000
 1131 xunlei_s22 9  周安双 8074745  2501 250  25008 60000
 1917 xunlei_s173 1  太叔青雪 12492081  2501 50  25008 7500
 1193 xunlei_s55 32  唐凝丝 8779951  2501 1475  25008 245000
 1517 xunlei_s131 2  文雁卉 11179531   25008 10000
 1129 1129 5  董浩天 8060613  2501 250  25008 37500
 1229 xunlei_s77 1  叶无声 9343567   25008 5000
 1342 xunlei_s106 2  袁靖柏 10390510  2501 50  25008 12500
 1193 xunlei_s55 33  康凡白 8772560  2501 1375  25008 247500
 1365 1365 11  Tin丶浅夏 10210747  2501 550  25008 82500
 1548 youxi567_s1 1  赫连代天 11212446  2501 75  25008 10000
 1658 youxi567_s4 1  飞天神 11543887  2501 75  25008 10000
 1548 youxi567_s1 1  濮阳誉 11212378   25008 5000
 1658 youxi567_s4 2  Alonetzysg 11780636   25008 10000
 1748 youxi567_s6 2  零星 11823434   25008 10000
 1658 youxi567_s4 1  曾小贤的粉 11689618   25008 5000
 1750 youxi567_s8 1  胡元槐 12225638   25008 5000
 1657 youxi567_s3 1  濮阳靳 11568606   25008 5000
 1870 yy_s5 2  谢傲云 12617334  2501 50  25008 12500
 1648 yy_s1 1  克勞德 11756477  2501 50  25008 7500
 1648 yy_s1 2  风之随心 11763814  25025 5  3180 50 2501 50  25008 7500
 1693 yy_s3 19  刘平安 12145670  2501 50  25008 97500
 1839 yy_s4 1  元松 12320764  2501 50  25008 7500
 1692 yy_s2 2  柠檬丶 11625463  2501 75  25008 15000
 1693 yy_s3 1  巫马夜梦 12184686   25008 5000
 1693 yy_s3 2  司马浪 12124102  2501 75  25008 15000
 1870 yy_s5 4  王安雁 12632454  2501 300  25008 40000
 1839 yy_s4 7  苏蜜 12328480  2501 375  25008 57500
 1693 yy_s3 11  万平安 12155299   25008 55000
 1924 yy_s6 1  潘可仁 12926669  2501 75  25008 10000
 1648 yy_s1 1  神义…冷月 11748393  2501 50  25008 7500
 1648 yy_s1 1  滕阑香 11519429   25008 5000
 1692 yy_s2 1  单孤兰 11995028   25008 5000
 1924 yy_s6 2  赵中恶 12783878  2501 75  25008 15000
 1648 yy_s1 1  212 11774706  2501 50  25008 7500
 1924 yy_s6 1  林坤 12741795  2501 50  25008 7500
 1870 yy_s5 3  黑白妞妞 12594313   25008 15000
 1693 yy_s3 1  流水丶无情 12144269   25008 5000
 1866 zixia_s17 3  陆乐松 12315063  2501 100  25008 20000
