 1192 xd_s137  剑舞飞扬 8726503   9391 104  25008 37610000  3181 16925  3180 52100 25025 8725 2501 205850
 1043 1043  轩辕高丽 6929544  2501 50  25008 7500
 1383 xd_s193  贾二娘 10303434  2501 50  25008 7500
 1192 xd_s137  魍魉魑魅 8683981  2501 11325  25008 1520000
 1822 xd_s250  轩辕 12349668   25008 5000
 1468 xd_s205  吃货瘦不了 10800044  22103 112 2554 14000  9391 16  25008 40840000  3181 4775  3180 51050 25025 6080  2503 1120 2501 289525
 1821 xd_s249  轩辕依柔 12181788  2501 100  25008 15000
 1023 1024_xd  巴特尔 6516782  2501 3700  25008 505000
 1166 xd_s130  上官南蕾 8372224  2501 75  25008 10000
 1821 xd_s249  关小雅 12181922   25008 10000
 1775 xd_s242  段碧灵 12083628   25008 5000
 1203 xd_s144  lovein 8956214  2501 150  25008 20000
 1002 xd_s51  海云 6008433  2501 50  25008 7500
 1509 xd_s213  超人胡 11120550  2501 75  25008 15000
 1366 xd_s187  TOTO 10227397  2501 75  25008 10000
 1738 xd_s237  旺财丶 11828302   25008 5000
 1428 xd_s196  占白鹤 10517891   25008 10000
 1071 xd_s99  板野友美 7276787  2501 125  25008 22500
 1137 xd_s124  念奴娇 8233962  2501 50  25008 7500
 1192 xd_s137  捐钱机器 8699773  2501 50  25008 7500
 1190 xd_s135  关小羽 8610609  2501 50  25008 7500
 1192 xd_s137  小妞 8663225  2501 2850  25008 537500
 1468 xd_s205  白天睡觉 10920744   25008 5000
 1222 xd_s145  一菲姐、 8987338   25008 5000
 1534 xd_s214  道友留步 11147853   25008 5000
 1268 xd_s164  killsos 9410707  2501 125  25008 32500
 1166 xd_s130  于雨柏 8361608  2501 75  25008 10000
 1192 xd_s137  采蘑菇 8718418   25008 1500000
 1034 1034  逍遥自在 6747741  2501 50  25008 7500
 1002 xd_s51  唐珩 6008643   25008 10000
 1430 xd_s198  唐亦寒 10599553  2501 75  25008 10000
 1242 xd_s155  慕醉柳 9088579  2501 50  25008 7500
 1042 1042  暢想 6908709  2501 75  25008 10000
 1271 xd_s165  霸气侧漏 9486702  2501 150  25008 22500
 1192 xd_s137  徐旭尧 8719311   25008 5000
 1468 xd_s205  苏紫菡 10887290  22103 60 2554 7500  25008 27055000  3181 4175  3180 24250 25025 3260  2503 600 2501 109925
 1043 1043  赘殿遮那 6932934  2501 75  25008 10000
 1322 xd_s177  G曾小贤M 9941808   25008 5000
 1355 xd_s185  上官雁开 10185461  2501 50  25008 12500
 1165 xd_s129  关小谷 8359226  2501 100  25008 15000
 1086 xd_s111  潇洒哥 7376771  2501 225  25008 30000
 1192 xd_s137  汪海之 8723283  2501 65625  25008 9345000
 1061 1062_1068  龍行兲芐 7181502   25008 10000
 1468 xd_s205  上官 10920730  2501 3850  25008 617500
 1322 xd_s177  青烟绕指柔 9941120  2501 525  25008 70000
 1192 xd_s137  一个逗B 8681391   25008 5000
 1819 xd_s247  郭青寒 12230406  2501 75  25008 10000
 1378 xd_s190  曾婴 10356860  2501 50  25008 7500
 1089 xd_s114  东北刀郎 7468376  2501 50  25008 7500
 1825 xd_s253  凡人弑神 12500523  2501 75  25008 10000
 1021 xd_s62  幽澜 6503030  2501 50  25008 7500
 1192 xd_s137  羊半仙 8720310  2501 775  25008 177500
 1737 xd_s236  范范之辈！ 11812880  2501 350  25008 77500
 1192 xd_s137  上官笑阳 8720318   25008 10000
 1086 xd_s111  周乔普 7422692   25008 15000
 1774 xd_s241  韩之瑶 12050838  2501 1875  25008 260000
 1115 xd_s121  谢雪一 7723079   25008 5000
 1165 xd_s129  汉晓浩 8359901   25008 5000
 1382 xd_s192  24K纯帅# 10429245  2501 75  25008 10000
 1377 xd_s189  韩淇 10284396  2501 50  25008 7500
 1284 xd_s173  灯笼丶易灭 9779381  2501 250  25008 37500
 1264 xd_s161  姜靖 9382740  2501 50  25008 7500
 1467 xd_s204  刀无影 10859424   25008 25000
 1508 xd_s212  想入非非 11096787   25008 60000
 1263 xd_s160  彩色旗子 9376555  2501 50  25008 7500
 1165 xd_s129  兔兔豆 8331298  2501 75  25008 10000
 1821 xd_s249  裴鹏涛 12278056  2501 50  25008 7500
 1828 xd_s256  砍砍砍 12570935  2501 50  25008 7500
 1192 xd_s137  繁华俗世 8704977  2501 2325  25008 385000
 1166 xd_s130  陈诺 8448295   25008 5000
 1192 xd_s137  天尊皇胤 8663537   9391 92  25008 10202500  3181 1600  3180 53350 25025 5770 2501 35775
 1468 xd_s205  金戈宝贝 10897378   25008 50000
 1280 xd_s169  逍遥自在、 9659082  2501 50  25008 7500
 1649 xd_s228  慕容凡 11558676  2501 100  25008 25000
 1382 xd_s192  沈行云 10403805   25008 5000
 1087 xd_s112  妞，爷爱你。 7442263   25008 70000
 1164 xd_s128  爱琦怡 8288224  2501 50  25008 12500
 1468 xd_s205  溪溪 10889386  22103 48 2554 6000  25008 33257500  3181 12575  3180 41200 25025 6635  2503 480 2501 248325
 1239 xd_s152  柳书文 9148344   25008 5000
 1382 xd_s192  雁易 10424626  2501 50  25008 7500
 1192 xd_s137  刘迎松 8718916  2501 550  25008 157500
 1242 xd_s155  董凝蝶 9220732  2501 50  25008 7500
 1166 xd_s130  阿冰 8401263  25025 5  3180 50 2501 125  25008 22500
 1224 xd_s147  邓广缘 9035393  2501 50  25008 7500
 1331 xd_s181  石追命 10026383   25008 5000
 1058 1058  宗书白 7141860   25008 5000
 1468 xd_s205  孙天问 10799379   25008 5000
 1007 1007  蜜雪薇琪 6243358   25008 35000
 1166 xd_s130  Ynv丶髹 8296246  2501 75  25008 10000
 1468 xd_s205  孔怀蕊 10899389  22103 106 2554 13250  25008 23050000  3181 6675  3180 14900 25025 2825  2503 1060 2501 156250
 1774 xd_s241  约兯 12038188   25008 5000
 1819 xd_s247  陌.上 12241131  2501 50  25008 7500
 1609 xd_s224  颜初蝶 11420913   25008 5000
 1430 xd_s198  球蛋儿 10641450   25008 5000
 1162 xd_s126  世界那么假 8255033   25008 10000
 1547 xd_s217  若水三千 11183571  2501 1150  25008 172500
 1191 xd_s136  OLDBOY 8675086  2501 50  25008 7500
 1192 xd_s137  左晨 8680904   9391 96  25008 8075000  3181 9775  3180 8700 25025 2945 2501 55850
 1192 xd_s137  吕若云 8725610  2501 350  25008 52500
 1192 xd_s137  唐豪 8725611  2501 100  25008 750000
 1284 xd_s173  曹罡 9784700  2501 50  25008 7500
 1192 xd_s137  许雅绿 8718546  2501 50  25008 12500
 1424 xd_s194  张紫欣 10476724   25008 5000
 1194 xd_s138  苍井空 8708518  2501 50  25008 7500
 1164 xd_s128  爱我么@ 8322358  2501 50  25008 7500
 1428 xd_s196  神波多一花 10535724   25008 15000
 1461 xd_s203  韩菀 10850185   25008 5000
 1330 xd_s180  千山暮雪 10012677   25008 5000
 1099 xd_s118  长孙一曲 7477098   25008 5000
 1192 xd_s137  魔紫枫 8725573  2501 200  25008 27500
 1737 xd_s236  马不正 11806055  2501 50  25008 12500
 1826 xd_s254  何起眸 12509210  2501 50  25008 7500
 1137 xd_s124  开印 8201656  2501 50  25008 7500
 1192 xd_s137  风夜弑神 8663219  2501 4450  25008 672500
 1164 xd_s128  宣送终 8283324  2501 50  25008 7500
 1168 xd_s132  郑立轩 8458254   25008 5000
 1165 xd_s129  曹鹭洋 8358088  2501 50  25008 7500
 1264 xd_s161  姜清 9393122   25008 5000
 1045 xd_s82  曾含烟 6975460  2501 50  25008 12500
 1192 xd_s137  苏信 8687975   9391 80  25008 37282500  3181 4300  3180 12550 25025 2215 2501 231275
 1377 xd_s189  迪妮莎 10261483  2501 450  25008 60000
 1137 xd_s124  七柠 10745162  2501 150  25008 20000
 1555 xd_s220  傅盼秋 11189627  2501 50  25008 7500
 1534 xd_s214  老衲 11063985  2501 75  25008 10000
 1469 xd_s206  义薄云天 10801115  2501 175  25008 25000
 1024 1024  xy 6606166  2501 50  25008 7500
 1245 xd_s157  方哲瀚 9255520  2501 500  25008 95000
 1611 xd_s226  汪凡阳 11500495  2501 75  25008 10000
 1194 xd_s138  东方飞荷 8782423   25008 5000
 1460 xd_s202  元晓夏 10756154  2501 75  25008 10000
 1819 xd_s247  凰帝 12234817   25008 5000
 1241 xd_s154  叶芝 9179764   25008 30000
 1137 xd_s124  哆啦B梦 8154997   25008 10000
 1460 xd_s202  钱靖雁 10766419  2501 275  25008 37500
